0000101011010000
1111000000000000
1010100000000000
1111011001111110
1111111100000000
1010000011110000
1111000000000000
0000100100011101
0000000000000010
1011011000000001
1101000000000000
0000100100001101
0000000000000010
0000100100011101
0000000000000100
1011111000010000
1101000000000000
0000100100001101
0000000000000010
1101000000000000
0000100100001101
0000000000000010
0000101011010000
1110000000000000
1010011011110000
1111111100000000
1101000000000000
0000101100000001
1101000000000000
0000100100001101
0000000000000010
0010100100001101
0000000000000100
0000110100000001
1010000011000000
1111000001010000
0000110100000000
1010000000000000
1111000001010000
0000110100001111
1101000000000000
0000100100001101
0000000000000010
0000100100011101
0000000000000100
0000100100100000
0000000000000010
0001100100100001
0000000000000010
0001000100100000
0000000000000010
0000111000100000
1010000010010000
1111000001101110
0001110100100001
0001111000100001
0001011000100000
1101000000000000
0000100100101101
0000000000000010
0000100100000010
0000000000000010
0110100100001101
0000000000000100
0001011000010010
0001000100000010
0000000000000010
0000110000000010
1101000000000000
0000100100101101
0000000000000010
0000100100000010
0000000000000010
0000111000010010
0111000100001101
0000000000000100
0001000100010010
0000000000000010
0001011000000010
0000110000000010
1101000000000000
0000110000000000
0000110000000000
0000110000000000
0000110000000000
0000110000000000
0000110000000000
0000110000000000
0000000000000000
0000000000000000
0000000000000000
1101000000000000
1010100000000000
1111000010100010
1010100000000000
1111000010100010
1010100000000000
1111000010100010
1010100000000000
1111000010100010
1010100000000000
1111000010100010
1010100000000000
1111000010100010
1010100000000000
1111000010100010
1010100000000000
1111000010100010
1010100000000000
1111000010100010
0000110000000000
0000110000000000
0000110000000000
0000110000000000
0000110000000000
0000110000000000
0000110000000000
0000000000000000
0000000000000000
0000000000000000
1101000000000000
1010100000000000
1111000010111000
1010100000000000
1111000010111000
1010100000000000
1111000010111000
1010100000000000
1111000010111000
1010100000000000
1111000010111000
1010100000000000
1111000010111000
1010100000000000
1111000010111000
1010100000000000
1111000010111000
1010100000000000
1111000010111000
1010100000000000
1111000010111000
1101000000000000
1010100000000000
1111000011110010
1010100000000000
1111000011110010
1010100000000000
1111000011110010
1010100000000000
1111000011110010
1010100000000000
1111000011110010
1010100000000000
1111000011110010
1010100000000000
1111000011110010
1010100000000000
1111000011110010
1010100000000000
1111000011110010
1010100000000000
1111000011110010
1101000000000000
1100000011000000
0000110011001101
0000101000000000
1111000000000000
1100000000000000
0000110100000001
1100000000000000
1010100000000000
1111101001111100
0001110111010100
1100010011000000
1101000000000000
1100000011000000
0000110011001101
0000100000000000
1110000000000100
0010110100000000
1010000000000000
1111000110101000
0000101100000010
1100000000000000
0000100000000000
1110000000000010
1100000000000000
1010100000000000
1111100011111000
0001110111010100
0010110100000000
1010000000000000
1111000110100100
0000110100000000
0001000000000000
1110000000000100
0000101000000000
0000000000101110
1100000000000000
1010100000000000
1111000000001110
0001110111010010
0011010100001110
1100000000000000
0000101000000000
0000000000101110
1100000000000000
1010100000000000
1111000000010110
0001110111010100
1010000011110000
1111000111100000
0000101100000010
1100000000000000
0000100000000000
1110000000000000
1100000000000000
1010100000000000
1111100011111000
0001110111010100
0010110100000000
1010000000000000
1111000111100000
0000110100000001
0001000000000000
1110000000000100
0000101000000000
0000000000101110
1100000000000000
1010100000000000
1111000000001110
0001110111010010
0011110100000001
1100000000000000
0000101000000000
0000000000101110
1100000000000000
1010100000000000
1111000000010110
0001110111010100
1100010011000000
1101000000000000
1100000011000000
0000110011001101
1100000000110000
0000110100110000
0010101000110000
0000000000111100
1010000001010000
1111001000000010
1010100000000000
1111000100011100
0000110000000011
0001110100000001
0000110000110000
1010000011110000
1111000111101100
1100010000110000
1100010011000000
1101000000000000
1100000011000000
0000110011001101
0000101100000010
1100000000000000
0000101000000000
0000000000110100
1100000000000000
1010100000000000
1111000000010110
0001110111010100
1010100000000000
1111000111100100
0000110100000000
1100000000000000
0000101000000000
0000000000110100
1100000000000000
1010100000000000
1111000000010110
0001110111010100
1010100000000000
1111000111100100
1100010011000000
1101000000000000
1100000011000000
0000110011001101
0000101000000000
0000000010000000
0011101100000010
1100000000000000
0000101000000000
0000000000110110
1100000000000000
1010100000000000
1111000000010110
0001110111010100
1010100000000000
1111000111100100
0000101000000000
0000000010000000
1100000000000000
0000101000000000
0000000000110110
1100000000000000
1010100000000000
1111000000010110
0001110111010100
1010100000000000
1111000111100100
1100010011000000
1101000000000000
1100000011000000
0000110011001101
1100000000110000
0000110100000100
1100000000000000
1010100000000000
1111001000111000
0001110111010010
0000110100110000
0010110100110101
1010000001010000
1111001010011010
0000110100000001
1100000000000000
1010100000000000
1111001000111000
0001110111010010
0000110000000011
0001110100000001
0000110000110000
1010000011110000
1111001010000000
0000101100000010
1100000000000000
0000101000000000
0000000000110010
1100000000000000
1010100000000000
1111000000010110
0001110111010100
0000101000000000
0000000000001000
1100000000000000
1010100000000000
1111001000001000
0001110111010010
0000110100110000
0010101100110011
1010000001010000
1111001011100110
0000101100000100
0001110000000011
0000111100000000
1100000000000000
0000101000000000
0000000000110010
1100000000000000
1010100000000000
1111000000010110
0001110111010100
0000110100000001
1100000000000000
1010100000000000
1111001000001000
0001110111010010
0000110000000011
0001110100000001
0000110000110000
1010000011110000
1111001010111000
0000110100000010
1100000000000000
1010100000000000
1111001000111000
0001110111010010
0000101100000010
1100000000000000
0000101000000000
0000000000110010
1100000000000000
1010100000000000
1111000000010110
0001110111010100
0000110100000001
1100000000000000
1010100000000000
1111001000001000
0001110111010010
0000110100000000
1100000000000000
0000101000000000
0000000000110110
1100000000000000
1010100000000000
1111000000010110
0001110111010100
1100010000110000
1100010011000000
1101000000000000
1100000011000000
0000110011001101
1100000000110000
1100000001000000
0000100000000000
1110000000001000
0010110100000001
1010000010000000
1111001101000010
0000101100000010
0001000000000000
1110000100001110
0000110100000010
0001000000000000
1110000000001000
1010000011110000
1111010000101000
0000100000000000
1110000000001000
0010110100000010
1010000010000000
1111001101100010
0000101100000010
0001000000000000
1110000100001100
0000110100000000
0001000000000000
1110000100001010
0000110100000011
0001000000000000
1110000000001000
1010000011110000
1111010000101000
0000100000000000
1110000000001000
0010110100000011
1010000010000000
1111001110110000
0000100000000000
1111101011011000
0001100000000000
1110000100001010
0000101100010010
0001011100010000
0000100000000000
1110000100001010
0001110100000001
0001000000000000
1110000100001010
0000100000000000
1110000100001010
0010100000000000
1110000100001100
1010000001110000
1111001110101100
0000100000000000
1111101011011000
1100000000000000
0000100000000000
1110000100001100
1100000000000000
0000100000000000
1110000100001110
1100000000000000
1010100000000000
1111001001101110
0001110111010110
0000110100000000
0001000000000000
1110000000001000
1010000011110000
1111010000101000
0000101100000010
1100000000000000
0000100000000000
1110000000000110
1100000000000000
1010100000000000
1111100011111000
0001110111010100
0010110100000000
1010000000000000
1111001111010000
0000110100000001
0001000000000000
1110000000001000
1010000011110000
1111010000101000
0000100000000000
1110000000000110
0000111000110000
0010110100110000
1010000001100000
1111001111100100
0001000000110000
1110000100010000
1010000011110000
1111010000101000
0000110101000000
0010100001000000
1110000100010000
1010000001010000
1111010000010010
0000100000000000
1110000000000110
0100110100000001
0000111000000000
0001110000000100
0000111100000000
1100000000000000
0000101000000000
0000000000001100
1100000000000000
1010100000000000
1111100101001100
0001110111010100
0000110000000100
0001110100000001
0000110001000000
1010000011110000
1111001111100110
0000101100000010
1100000000000000
0000101000000000
0000000000001100
1100000000000000
1010100000000000
1111100101001100
0001110111010100
0000110100000000
0001000000000000
1110000100010000
1100010001000000
1100010000110000
1100010011000000
1101000000000000
1100000011000000
0000110011001101
1100000000110000
0000101000000000
0000000000110110
1100000000000000
1010100000000000
1111000000001110
0001110111010010
0011010100000001
0010110100000001
1010000010000000
1111010001100000
0000101000000000
0000000000010000
1100000000000000
1010100000000000
1111000000001110
0001110111010010
0011010100000001
1010000010000000
1111010001100000
1010100000000000
1111000101000110
0000101000000000
0000000000001010
1100000000000000
1010100000000000
1111000000001110
0001110111010010
0011001000000000
0000000001000000
1010000000000000
1111010010001100
0000101000000000
0000000000001000
1100000000000000
1010100000000000
1111000000001110
0001110111010010
0011001000000000
0000000011111111
1100000000000000
1010100000000000
1111001100100000
0001110111010010
0000101000000000
0000000000101010
1100000000000000
1010100000000000
1111000000001110
0001110111010010
0011001000000000
0000000001000000
1010000000000000
1111010011010010
0000101000000000
0000000000101000
1100000000000000
1010100000000000
1111000000001110
0001110111010010
0011001000000000
0000000011111111
0000110000110000
0000100000000000
1110000000000100
0010110100000000
1010000000000000
1111010011001010
1100000000110000
0000101000000000
0000000000001100
1100000000000000
1010100000000000
1111100101001100
0001110111010100
1100000000110000
1010100000000000
1111000101011110
0001110111010010
0000101000000000
0000000000001110
1100000000000000
1010100000000000
1111000000001110
0001110111010010
0011001000000000
0000000001000000
1010000000000000
1111010100011110
0000101000000000
0000000000001100
1100000000000000
1010100000000000
1111000000001110
0001110111010010
0011001000000000
0000000011111111
0000110000110000
1100000000110000
0000101000000000
0000000000001000
1100000000000000
1010100000000000
1111100101001100
0001110111010100
0000100000000000
1110000000000100
0010110100000000
1010000000000000
1111010100011110
1100000000110000
0000101000000000
0000000000101000
1100000000000000
1010100000000000
1111100101001100
0001110111010100
1010000011110000
1111010001100000
1100010000110000
1100010011000000
1101000000000000
1100000011000000
0000110011001101
0000101000000000
0000000000010000
1100000000000000
1010100000000000
1111000000001110
0001110111010010
0011010100000001
1010000010000000
1111010101000010
1010100000000000
1111000101000110
0000101000000000
1111011111011010
1100000000000000
1010100000000000
1111100111101100
0001110111010010
0000101000000000
1111011111110011
1100000000000000
1010100000000000
1111100111101100
0001110111010010
0000101000000000
0000000000101010
1100000000000000
1010100000000000
1111000000001110
0001110111010010
0011001000000000
0000000001000000
1010000000000000
1111010110000110
0000101000000000
0000000000101000
1100000000000000
1010100000000000
1111000000001110
0001110111010010
0011001000000000
0000000011111111
1100000000000000
1010100000000000
1111000101011110
0001110111010010
1010000011110000
1111010101011010
1100010011000000
1101000000000000
1100000011000000
0000110011001101
1100000000110000
0000110100110000
0000101000000000
0000000000001010
1100000000000000
1010100000000000
1111000000001110
0001110111010010
0011001000000000
0000000001000000
1010000000000000
1111010111001000
0000101000000000
0000000000001000
1100000000000000
1010100000000000
1111000000001110
0001110111010010
0011001000000000
0000000011111111
1100000000000000
0000101000000000
0000000000101000
1100000000000000
1010100000000000
1111100101001100
0001110111010100
0000101000000000
0000000000101010
1100000000000000
1010100000000000
1111000000001110
0001110111010010
0011001000000000
0000000001000000
1010000000000000
1111010111111010
0000101000000000
0000000000101000
1100000000000000
1010100000000000
1111000000001110
0001110111010010
0011001000000000
0000000011111111
1100000000000000
0000101000000000
0000000000001000
1100000000000000
1010100000000000
1111100101001100
0001110111010100
1010000011110000
1111010110010110
1100010000110000
1100010011000000
1101000000000000
1100000011000000
0000110011001101
1100000000110000
0000110100110000
0010101000110000
0000000000001010
1010000001010000
1111011001010110
0000110100000111
1100000000000000
0000101000000000
0000000000101100
1100000000000000
1010100000000000
1111000000010110
0001110111010100
0000101000000000
1111100000010100
1100000000000000
1010100000000000
1111100111101100
0001110111010010
0000110100000011
1100000000000000
0000101000000000
0000000000101100
1100000000000000
1010100000000000
1111000000010110
0001110111010100
0000101000000000
1111100000100001
1100000000000000
1010100000000000
1111100111101100
0001110111010010
0000110000000011
0001110100000001
0000110000110000
1010000011110000
1111011000001100
1100010000110000
1100010011000000
1101000000000000
1100000011000000
0000110011001101
1100000000110000
0000100000110000
1110000100010010
0000100000000000
1110000100010010
0001101100000010
0001000000000000
1110000100010010
1100000000110000
1010100000000000
1111000000100010
0001110111010010
1100010000110000
1100010011000000
1101000000000000
1100000011000000
0000110011001101
1100000000110000
0000101000000000
1101000000000000
0001000000000000
1110000100010010
0000110100000100
1100000000000000
1010100000000000
1111011001011100
0001110111010010
0001000000000000
1110000000000000
0000100000000000
1110000000000000
0000110100010000
0001011000010000
0000100000000000
1110000000000000
0100110100000001
0000101000010000
1111100000101110
0001011000010000
0000110100000100
1100000000000000
1010100000000000
1111011001011100
0001110111010010
0001000000000000
1110000000000010
0000100000000000
1110000000000010
0000110100010000
0001011000010000
0000100000000000
1110000000000010
0100110100000001
0000101000010000
1111100000111101
0001011000010000
0000110100000100
1100000000000000
1010100000000000
1111011001011100
0001110111010010
0001000000000000
1110000000000110
0000100000000000
1110000000000110
0000110100010000
0001011000010000
0000100000000000
1110000000000110
0100110100000001
0000101000010000
1111100001001000
0001011000010000
0000110100000000
0001000000000000
1110000000001000
0000110100000000
0001000000000000
1110000100010000
0000101000000000
0000000000101110
1100000000000000
1010100000000000
1111000000001110
0001110111010010
0011010100000001
0000110100000001
1010000010000000
1111011100010100
0000110100000000
0001000000000000
1110000000000100
0000101000000000
1111100001010010
1100000000000000
1010100000000000
1111100111101100
0001110111010010
0000101000000000
1111100001110011
1100000000000000
1010100000000000
1111100111101100
0001110111010010
0000101000000000
1111100001111001
1100000000000000
1010100000000000
1111100111101100
0001110111010010
0000101000000000
1111100001111011
1100000000000000
1010100000000000
1111100111101100
0001110111010010
0000101000000000
1111100010001010
1100000000000000
1010100000000000
1111100111101100
0001110111010010
0000101000000000
1111100010100110
1100000000000000
1010100000000000
1111100111101100
0001110111010010
0000101000000000
1111100010101001
1100000000000000
1010100000000000
1111100111101100
0001110111010010
0000101000000000
1111100011100000
1100000000000000
1010100000000000
1111100111101100
0001110111010010
0000101000000000
0000000000011110
1100000000000000
1010100000000000
1111000000001110
0001110111010010
0000110000110000
0010110100110000
1010000010000000
1111011110010100
1010100000000000
1111010000110000
1010000011110000
1111011111001100
0010110100110001
1010000010000000
1111011110100010
1010100000000000
1111010100101000
1010000011110000
1111011111001100
0010110100110010
1010000010000000
1111011110110000
1010100000000000
1111010110001110
1010000011110000
1111011111001100
0010110100110011
1010000010000000
1111011110111110
1010100000000000
1111010110001110
1010000011110000
1111011111001100
0010110100110111
1010000010000000
1111011111001100
1010100000000000
1111011000000100
1010100000000000
1111010110001110
1010100000000000
1111000000110010
1010000011110000
1111011111001100
1100010000110000
1100010011000000
1101000000000000
0101000001101100
0110010101100001
0111001101100101
0010000001101001
0110111001110011
0110010101110010
0111010000100000
0111010001101000
0110010100100000
0110001101100001
0111001001100100
0010111000001010
0000000001010000
0111010101110011
0110100000100000
0010001001010010
0100010101010011
0100010101010100
0010001000100000
0111010001101111
0010000001100010
0110111101101111
0111010000100000
0111010001101000
0110010100100000
0110101101100101
0111001001101110
0110010101101100
0000101000000000
0111001001100101
0111001101100101
0111010000100000
0110111001101111
0111011100100000
0010000100100001
0000000001110010
0110010101110011
0110010101110100
0010000001101110
0110111101110111
0010000000100001
0010000100000000
0100110101001100
0100010001010000
0000110100001010
0100000101110000
0111000000111010
0110111101101110
0000110100001010
0000000001000101
0101001001010010
0000110100001010
0100010101010010
0101001000001101
0000101000000000
0001101101010100
0101011101010010
0100100101010100
0100010100001101
0000101000000000
0000101001010100
0110000101000011
0010000001001001
0110111001101001
0111010001101001
0110000101101100
0010000001010000
0111001001101111
0110011101110010
0110000101101101
0010000001001100
0110111101100001
0110010001100101
0111001000100000
0101011001100101
0111001000101110
0000000000110100
0010111000110011
0010111000110000
0000000000001010
0000000000101000
0110001001110101
0110100101101100
0110010000100000
0110010001100001
0111010001100101
0010000000111010
0010000000000000
0100011001110010
0110100100100000
0100110101100001
0111001000100000
0011000100100000
0011000100111001
0011101000110100
0011011100111010
0011010100110001
0010000001001010
0101001101010100
0010000000110010
0011000000110001
0011100100000000
0010100100001010
0000000001000011
0110111101110000
0111100101110010
0110100101100111
0110100001110100
0010100001100011
0010100100100000
0011001000110000
0011000000111001
0010110100110010
0011000000110001
0011100100100000
0101010001101111
0110101101110101
0111100101100001
0110110101100001
0010000001000011
0110111101101100
0110110001100101
0110011101100101
0010000001101111
0110011000100000
0101010001100101
0110001101101000
0110111001101111
0110110001101111
0110011101111001
0000101000000000
0100000101101100
0110110000100000
0111001001101001
0110011101101000
0111010001110011
0010000001110010
0110010101110011
0110010101110010
0111011001100101
0110010000101110
0000101000001010
0000000000000000
1100000011000000
0000110011001101
1100000000110000
1100000001000000
0000101100000010
0000111000110000
0000101100000010
0100110100000001
0000111001000000
0000110000000100
0001110000000011
0000111100000000
0010101100000011
1010000010000000
1111100100111100
0000110000000011
0001110100000001
0000110000110000
0000110000000100
0001110000000011
0000111100000000
0010110100000000
1010000010000000
1111100100110100
0000101100000010
0000110100010000
0001011000010000
0000110100000001
1010000011110000
1111100101000100
0000101100000010
0001011000110000
1010000011110000
1111100101000010
0000101100000010
0000110100010000
0001011000010000
0000110100000000
1100010001000000
1100010000110000
1100010011000000
1101000000000000
1100000011000000
0000110011001101
0000101100000010
0001110100000010
1100000000000000
1010100000000000
1111000000001110
0001110111010010
0011001000000000
0000000010000000
1010000010000000
1111100101101000
1010000011110000
1111100101010000
0000101100000011
1100000000000000
0000101100000010
1100000000000000
1010100000000000
1111000000010110
0001110111010100
1100010011000000
1101000000000000
1100000011000000
0000110011001101
0000101100000010
0010101000000000
0000000000001010
1010000010000000
1111100110011010
0000101000000000
0000000000001101
1100000000000000
0000101000000000
0000000000001000
1100000000000000
1010100000000000
1111100101001100
0001110111010100
0000101100000010
1100000000000000
0000101000000000
0000000000001000
1100000000000000
1010100000000000
1111100101001100
0001110111010100
0000101000000000
0000000000101110
1100000000000000
1010100000000000
1111000000001110
0001110111010010
0011010100000001
1010000000000000
1111100111101000
0000101100000010
0010101000000000
0000000000001010
1010000010000000
1111100111011000
0000101000000000
0000000000001101
1100000000000000
0000101000000000
0000000000101000
1100000000000000
1010100000000000
1111100101001100
0001110111010100
0000101100000010
1100000000000000
0000101000000000
0000000000101000
1100000000000000
1010100000000000
1111100101001100
0001110111010100
1100010011000000
1101000000000000
1100000011000000
0000110011001101
1100000000110000
0000110100110000
0000101100000010
0001110000000011
0000111100000000
0010110100000000
1010000000000000
1111101000011000
0000101100000010
0001110000000011
0000111100000000
1100000000000000
1010100000000000
1111100101111010
0001110111010010
0000110000000011
0001110100000001
0000110000110000
1010000011110000
1111100111110100
1100010000110000
1100010011000000
1101000000000000
1100000011000000
0000110011001101
0000101100000010
1001010100001100
0011001000000000
0000000000001111
0001100000000000
1111101011011010
0000111100000000
1100000000000000
1010100000000000
1111100101111010
0001110111010010
0000101100000010
1001010100001000
0011001000000000
0000000000001111
0001100000000000
1111101011011010
0000111100000000
1100000000000000
1010100000000000
1111100101111010
0001110111010010
0000101100000010
1001010100000100
0011001000000000
0000000000001111
0001100000000000
1111101011011010
0000111100000000
1100000000000000
1010100000000000
1111100101111010
0001110111010010
0000101100000010
0011001000000000
0000000000001111
0001100000000000
1111101011011010
0000111100000000
1100000000000000
1010100000000000
1111100101111010
0001110111010010
1100010011000000
1101000000000000
1100000011000000
0000110011001101
1100000000110000
0000101000000000
1101000000000000
1100000000000000
1010100000000000
1111000000100010
0001110111010010
0001000000000000
1110000100010100
0000110100110000
0010110100110101
1010000001010000
1111101010110100
0000100000000000
1111101011100110
0100110000000011
0000100000010000
1110000100010100
0100110000010011
0000111000000000
0001011000000001
0000110000000011
0001110100000001
0000110000110000
1010000011110000
1111101010010100
0000101000000000
1101000000000000
1100000000000000
1010100000000000
1111000000101000
0001110111010010
1100010000110000
1100010011000000
1101000000000000
0011000000110001
0011001000110011
0011010000110101
0011011000110111
0011100000111001
0110000101100010
0110001101100100
0110010101100110
0000000000000000
1110000000001010
1111101011000110
0000101100000010
1011100000000000
0000000011110000
0000101100000011
1010011011110000
1111101011011100
0000000000000000
0000000000000000
0000000000000000
0000000000000000
0000000000000000
0000000000000000
0000000000000000
0000000000000000
0000000000000000
0000000000000000
0000000000000000
0000000000000000
0000000000000000
0000000000000000
0000000000000000
0000000000000000
0000000000000000
0000000000000000
0000000000000000
0000000000000000
0000000000000000
0000000000000000
0000000000000000
0000000000000000
0000000000000000
0000000000000000
0000000000000000
0000000000000000
0000000000000000
0000000000000000
0000000000000000
0000000000000000
0000000000000000
0000000000000000
0000000000000000
0000000000000000
0000000000000000
0000000000000000
0000000000000000
0000000000000000
0000000000000000
0000000000000000
0000000000000000
0000000000000000
0000000000000000
0000000000000000
0000000000000000
0000000000000000
0000000000000000
0000000000000000
0000000000000000
0000000000000000
0000000000000000
0000000000000000
0000000000000000
0000000000000000
0000000000000000
0000000000000000
0000000000000000
0000000000000000
0000000000000000
0000000000000000
0000000000000000
0000000000000000
0000000000000000
0000000000000000
0000000000000000
0000000000000000
0000000000000000
0000000000000000
0000000000000000
0000000000000000
0000000000000000
0000000000000000
0000000000000000
0000000000000000
0000000000000000
0000000000000000
0000000000000000
0000000000000000
0000000000000000
0000000000000000
0000000000000000
0000000000000000
0000000000000000
0000000000000000
0000000000000000
0000000000000000
0000000000000000
0000000000000000
0000000000000000
0000000000000000
0000000000000000
0000000000000000
0000000000000000
0000000000000000
0000000000000000
0000000000000000
0000000000000000
0000000000000000
0000000000000000
0000000000000000
0000000000000000
0000000000000000
0000000000000000
0000000000000000
0000000000000000
0000000000000000
0000000000000000
0000000000000000
0000000000000000
0000000000000000
0000000000000000
0000000000000000
0000000000000000
0000000000000000
0000000000000000
0000000000000000
0000000000000000
0000000000000000
0000000000000000
0000000000000000
0000000000000000
0000000000000000
0000000000000000
0000000000000000
0000000000000000
0000000000000000
0000000000000000
0000000000000000
0000000000000000
0000000000000000
0000000000000000
0000000000000000
0000000000000000
0000000000000000
0000000000000000
0000000000000000
0000000000000000
0000000000000000
0000000000000000
0000000000000000
0000000000000000
0000000000000000
0000000000000000
0000000000000000
0000000000000000
0000000000000000
0000000000000000
0000000000000000
0000000000000000
0000000000000000
0000000000000000
0000000000000000
0000000000000000
0000000000000000
0000000000000000
0000000000000000
0000000000000000
0000000000000000
0000000000000000
0000000000000000
0000000000000000
0000000000000000
0000000000000000
0000000000000000
0000000000000000
0000000000000000
0000000000000000
0000000000000000
0000000000000000
0000000000000000
0000000000000000
0000000000000000
0000000000000000
0000000000000000
0000000000000000
0000000000000000
0000000000000000
0000000000000000
0000000000000000
0000000000000000
0000000000000000
0000000000000000
0000000000000000
0000000000000000
0000000000000000
0000000000000000
0000000000000000
0000000000000000
0000000000000000
0000000000000000
0000000000000000
0000000000000000
0000000000000000
0000000000000000
0000000000000000
0000000000000000
0000000000000000
0000000000000000
0000000000000000
0000000000000000
0000000000000000
0000000000000000
0000000000000000
0000000000000000
0000000000000000
0000000000000000
0000000000000000
0000000000000000
0000000000000000
0000000000000000
0000000000000000
0000000000000000
0000000000000000
0000000000000000
0000000000000000
0000000000000000
0000000000000000
0000000000000000
0000000000000000
0000000000000000
0000000000000000
0000000000000000
0000000000000000
0000000000000000
0000000000000000
0000000000000000
0000000000000000
0000000000000000
0000000000000000
0000000000000000
0000000000000000
0000000000000000
0000000000000000
0000000000000000
0000000000000000
0000000000000000
0000000000000000
0000000000000000
0000000000000000
0000000000000000
0000000000000000
0000000000000000
0000000000000000
0000000000000000
0000000000000000
0000000000000000
0000000000000000
0000000000000000
0000000000000000
0000000000000000
0000000000000000
0000000000000000
0000000000000000
0000000000000000
0000000000000000
0000000000000000
0000000000000000
0000000000000000
0000000000000000
0000000000000000
0000000000000000
0000000000000000
0000000000000000
0000000000000000
0000000000000000
0000000000000000
0000000000000000
0000000000000000
0000000000000000
0000000000000000
0000000000000000
0000000000000000
0000000000000000
0000000000000000
0000000000000000
0000000000000000
0000000000000000
0000000000000000
0000000000000000
0000000000000000
0000000000000000
0000000000000000
0000000000000000
0000000000000000
0000000000000000
0000000000000000
0000000000000000
0000000000000000
0000000000000000
0000000000000000
0000000000000000
0000000000000000
0000000000000000
0000000000000000
0000000000000000
0000000000000000
0000000000000000
0000000000000000
0000000000000000
0000000000000000
0000000000000000
0000000000000000
0000000000000000
0000000000000000
0000000000000000
0000000000000000
0000000000000000
0000000000000000
0000000000000000
0000000000000000
0000000000000000
0000000000000000
0000000000000000
0000000000000000
0000000000000000
0000000000000000
0000000000000000
0000000000000000
0000000000000000
0000000000000000
0000000000000000
0000000000000000
0000000000000000
0000000000000000
0000000000000000
0000000000000000
0000000000000000
0000000000000000
0000000000000000
0000000000000000
0000000000000000
0000000000000000
0000000000000000
0000000000000000
0000000000000000
0000000000000000
0000000000000000
0000000000000000
0000000000000000
0000000000000000
0000000000000000
0000000000000000
0000000000000000
0000000000000000
0000000000000000
0000000000000000
0000000000000000
0000000000000000
0000000000000000
0000000000000000
0000000000000000
0000000000000000
0000000000000000
0000000000000000
0000000000000000
0000000000000000
0000000000000000
0000000000000000
0000000000000000
0000000000000000
0000000000000000
0000000000000000
0000000000000000
0000000000000000
0000000000000000
0000000000000000
0000000000000000
0000000000000000
0000000000000000
0000000000000000
0000000000000000
0000000000000000
0000000000000000
0000000000000000
0000000000000000
0000000000000000
0000000000000000
0000000000000000
0000000000000000
0000000000000000
0000000000000000
0000000000000000
0000000000000000
0000000000000000
0000000000000000
0000000000000000
0000000000000000
0000000000000000
0000000000000000
0000000000000000
0000000000000000
0000000000000000
0000000000000000
0000000000000000
0000000000000000
0000000000000000
0000000000000000
0000000000000000
0000000000000000
0000000000000000
0000000000000000
0000000000000000
0000000000000000
0000000000000000
0000000000000000
0000000000000000
0000000000000000
0000000000000000
0000000000000000
0000000000000000
0000000000000000
0000000000000000
0000000000000000
0000000000000000
0000000000000000
0000000000000000
0000000000000000
0000000000000000
0000000000000000
0000000000000000
0000000000000000
0000000000000000
0000000000000000
0000000000000000
0000000000000000
0000000000000000
0000000000000000
0000000000000000
0000000000000000
0000000000000000
0000000000000000
0000000000000000
0000000000000000
0000000000000000
0000000000000000
0000000000000000
0000000000000000
0000000000000000
0000000000000000
0000000000000000
0000000000000000
0000000000000000
0000000000000000
0000000000000000
0000000000000000
0000000000000000
0000000000000000
0000000000000000
0000000000000000
0000000000000000
0000000000000000
0000000000000000
0000000000000000
0000000000000000
0000000000000000
0000000000000000
0000000000000000
0000000000000000
0000000000000000
0000000000000000
0000000000000000
0000000000000000
0000000000000000
0000000000000000
0000000000000000
0000000000000000
0000000000000000
0000000000000000
0000000000000000
0000000000000000
0000000000000000
0000000000000000
0000000000000000
0000000000000000
0000000000000000
0000000000000000
0000000000000000
0000000000000000
0000000000000000
0000000000000000
0000000000000000
0000000000000000
0000000000000000
0000000000000000
0000000000000000
0000000000000000
0000000000000000
0000000000000000
0000000000000000
0000000000000000
0000000000000000
0000000000000000
0000000000000000
0000000000000000
0000000000000000
0000000000000000
0000000000000000
0000000000000000
0000000000000000
0000000000000000
0000000000000000
0000000000000000
0000000000000000
0000000000000000
0000000000000000
0000000000000000
0000000000000000
0000000000000000
0000000000000000
0000000000000000
0000000000000000
0000000000000000
0000000000000000
0000000000000000
0000000000000000
0000000000000000
0000000000000000
0000000000000000
0000000000000000
0000000000000000
0000000000000000
0000000000000000
0000000000000000
0000000000000000
0000000000000000
0000000000000000
0000000000000000
0000000000000000
0000000000000000
0000000000000000
0000000000000000
0000000000000000
0000000000000000
0000000000000000
0000000000000000
0000000000000000
0000000000000000
0000000000000000
0000000000000000
0000000000000000
0000000000000000
0000000000000000
0000000000000000
0000000000000000
0000000000000000
0000000000000000
0000000000000000
0000000000000000
0000000000000000
0000000000000000
0000000000000000
0000000000000000
0000000000000000
0000000000000000
0000000000000000
0000000000000000
0000000000000000
0000000000000000
0000000000000000
0000000000000000
0000000000000000
0000000000000000
0000000000000000
0000000000000000
0000000000000000
0000000000000000
0000000000000000
0000000000000000
0000000000000000
0000000000000000
0000000000000000
0000000000000000
0000000000000000
0000000000000000
0000000000000000
0000000000000000
0000000000000000
0000000000000000
0000000000000000
0000000000000000
0000000000000000
0000000000000000
0000000000000000
0000000000000000
0000000000000000
0000000000000000
0000000000000000
0000000000000000
0000000000000000
0000000000000000
0000000000000000
0000000000000000
0000000000000000
0000000000000000
0000000000000000
0000000000000000
0000000000000000
0000000000000000
0000000000000000
0000000000000000
0000000000000000
0000000000000000
0000000000000000
0000000000000000
0000000000000000
0000000000000000
0000000000000000
0000000000000000
0000000000000000
0000000000000000
0000000000000000
0000000000000000
0000000000000000
0000000000000000
0000000000000000
0000000000000000
0000000000000000
0000000000000000
0000000000000000
0000000000000000
0000000000000000
0000000000000000
0000000000000000
0000000000000000
0000000000000000
0000000000000000
0000000000000000
0000000000000000
0000000000000000
0000000000000000
0000000000000000
0000000000000000
0000000000000000
0000000000000000
0000000000000000
0000000000000000
0000000000000000
0000000000000000
0000000000000000
0000000000000000
0000000000000000
0000000000000000
0000000000000000
0000000000000000
0000000000000000
0000000000000000
0000000000000000
0000000000000000
0000000000000000
0000000000000000
