00000000
10010100
10010100
10010100
10010100
10010100
10010100
10010100
10010100
10010100
10010100
10010100
10010100
10010100
10010100
10010100
00001101
00011100
00010000
00011100
00010011
00011100
00010100
00011100
00011101
10010100
00011100
10010100
00011000
00011100
00011010
00011100
00011111
10010100
00100010
10010100
10010100
10010100
00100101
10010100
00011110
10010100
10010100
10010100
00101000
10010100
00101010
10010100
00001101
00101100
00010000
00101100
00010011
00101100
00010100
00101100
00010111
00101100
00101100
10010100
00011000
00101100
00011010
00101100
00001101
00101101
00010000
00101101
00010011
00101101
00010100
00101101
00010111
00101101
00101101
10010100
00011000
00101101
00011010
00101101
00001101
00101110
00010000
00101110
00010011
00101110
00010100
00101110
00010111
00101110
00101110
10010100
00011000
00101110
00011010
00101110
00001101
00101111
00010000
00101111
00010011
00101111
00010100
00101111
00010111
00101111
00101111
10010100
00011000
00101111
00011010
00101111
00001101
00110000
00010000
00110000
00010011
00110000
00010100
00110000
00010111
00110000
00110000
10010100
00011000
00110000
00011010
00110000
00001101
00110001
00010000
00110001
00010011
00110001
00010100
00110001
00010111
00110001
00110001
10010100
00011000
00110001
00011010
00110001
00001101
00110010
00010000
00110010
00010011
00110010
00010100
00110010
00010111
00110010
00110010
10010100
00011000
00110010
00011010
00110010
00001101
00110100
00010000
00110100
00010011
00110100
00010100
00110100
00010111
00110100
00110100
10010100
00011000
00110100
00011010
00110100
00001101
00111010
00010000
00111010
00010011
00111010
00010100
00111010
00010111
00111010
00111010
10010100
00011000
00111010
00011010
00111010
00001101
01000001
00010000
01000001
00010011
01000001
00010100
01000001
00010111
01000001
01000001
10010100
00011000
01000001
00011010
01000001
00001101
01001000
00010000
01001000
00010011
01001000
00010100
01001000
00010111
01001000
01001000
10010100
00011000
01001000
00011010
01001000
00001101
01001110
00010000
01001110
00010011
01001110
00010100
01001110
00010111
01001110
01001110
10010100
00011000
01001110
00011010
01001110
10010100
10010100
10010100
10010100
10010100
10010100
10010100
10010100
10010100
10010100
10010100
10010100
10010100
10010100
10010100
10010100
00001101
01010101
00010000
01010101
00010011
01010101
00010100
01010101
00010111
01010101
01010101
10010100
00011000
01010101
00011010
01010101
00001101
01010101
00010000
01010101
00010011
01010101
00010100
01010101
00010111
01010101
01010101
10010100
00011000
01010101
00011010
01010101
00001101
01010101
00010000
01010101
00010011
01010101
00010100
01010101
00010111
01010101
01010101
10010100
00011000
01010101
00011010
01010101
00001101
01010101
00010000
01010101
00010011
01010101
00010100
01010101
00010111
01010101
01010101
10010100
00011000
01010101
00011010
01010101
01011001
10010100
01011011
10010100
10010100
10010100
10010100
10010100
10010100
10010100
10010100
10010100
01011101
10010100
10010100
10010100
01011111
10010100
01100010
10010100
10010100
10010100
10010100
10010100
10010100
10010100
10010100
10010100
01100101
10010100
10010100
10010100
01101000
10010100
10010100
10010100
10010100
10010100
10010100
10010100
10010100
10010100
10010100
10010100
01101011
10010100
01101101
10010100
01110000
10010100
10010100
10010100
10010100
10010100
10010100
10010100
10010100
10010100
10010100
10010100
01110011
10010100
01110101
10010100
01110111
10010100
10010100
10010100
10010100
10010100
10010100
10010100
01111001
10010100
10010100
10010100
10010100
10010100
10010100
10010100
10010100
10010100
10010100
10010100
10010100
10010100
10010100
10010100
10010100
10010100
10010100
10010100
10010100
10010100
10010100
10010100
01111100
10010100
10010100
10010100
10010100
10010100
10010100
10010100
01111111
10010100
10010100
10010100
10010100
10010100
10010100
10010100
10010100
10010100
10010100
10010100
10010100
10010100
10010100
10010100
10010100
10010100
10010100
10010100
10010100
10010100
10010100
10010100
10000101
10010100
10010100
10010100
10010100
10010100
10010100
10010100
10000111
10010100
10010100
10010100
10010100
10010100
10010100
10010100
10010100
10010100
10010100
10010100
10010100
10010100
10010100
10010100
10010100
10010100
10010100
10010100
10010100
10010100
10010100
10010100
10001011
10010100
10010100
10010100
10010100
10010100
10010100
10010100
10010100
10010100
10010100
10010100
10010100
10010100
10010100
10010100
10010100
10010100
10010100
10010100
10010100
10010100
10010100
10010100
10010100
10010100
10010100
10010100
10010100
10010100
10001001
10010100
