0000101011010000
1111000000000000
1010100000000000
1111000101000110
1111111100000000
1010000011110000
1111000000000000
0000100100011101
0000000000000010
1011011000000001
1101000000000000
0000100100001101
0000000000000010
0000100100011101
0000000000000100
1011111000010000
1101000000000000
0000100100001101
0000000000000010
1101000000000000
0000100100001101
0000000000000010
0000101011010000
1110000000000000
1010011011110000
1111111100000000
1101000000000000
0000101100000001
1101000000000000
0000100100001101
0000000000000010
0010100100001101
0000000000000100
0000110100000001
1010000011000000
1111000001010000
0000110100000000
1010000000000000
1111000001010000
0000110100001111
1101000000000000
0000100100001101
0000000000000010
0000100100011101
0000000000000100
0000100100100000
0000000000000010
0001100100100001
0000000000000010
0001000100100000
0000000000000010
0000111000100000
1010000010010000
1111000001101110
0001110100100001
0001111000100001
0001011000100000
1101000000000000
0000100100101101
0000000000000010
0000100100000010
0000000000000010
0110100100001101
0000000000000100
0001011000010010
0001000100000010
0000000000000010
0000110000000010
1101000000000000
0000100100101101
0000000000000010
0000100100000010
0000000000000010
0000111000010010
0111000100001101
0000000000000100
0001000100010010
0000000000000010
0001011000000010
0000110000000010
1101000000000000
0000110000000000
0000110000000000
0000110000000000
0000110000000000
0000110000000000
0000110000000000
0000110000000000
0000000000000000
0000000000000000
0000000000000000
1101000000000000
1010100000000000
1111000010100010
1010100000000000
1111000010100010
1010100000000000
1111000010100010
1010100000000000
1111000010100010
1010100000000000
1111000010100010
1010100000000000
1111000010100010
1010100000000000
1111000010100010
1010100000000000
1111000010100010
1010100000000000
1111000010100010
0000110000000000
0000110000000000
0000110000000000
0000110000000000
0000110000000000
0000110000000000
0000110000000000
0000000000000000
0000000000000000
0000000000000000
1101000000000000
1010100000000000
1111000010111000
1010100000000000
1111000010111000
1010100000000000
1111000010111000
1010100000000000
1111000010111000
1010100000000000
1111000010111000
1010100000000000
1111000010111000
1010100000000000
1111000010111000
1010100000000000
1111000010111000
1010100000000000
1111000010111000
1010100000000000
1111000010111000
1101000000000000
1010100000000000
1111000011110010
1010100000000000
1111000011110010
1010100000000000
1111000011110010
1010100000000000
1111000011110010
1010100000000000
1111000011110010
1010100000000000
1111000011110010
1010100000000000
1111000011110010
1010100000000000
1111000011110010
1010100000000000
1111000011110010
1010100000000000
1111000011110010
1101000000000000
1100000011000000
0000110011001101
1100000000110000
0000101000000000
1111000110100010
1100000000000000
1010100000000000
1111101000010110
0001110111010010
1010100000000000
1111011111010000
0000101000000000
1111000110111100
1100000000000000
0000101000000000
1111000110110011
1100000000000000
1010100000000000
1111100000001000
0001110111010100
0000110000110000
0000101000000000
1111000111000000
1100000000000000
1010100000000000
1111101000010110
0001110111010010
1100000000110000
1010100000000000
1111101001001000
0001110111010010
0000101000000000
1111000111010001
1100000000000000
1010100000000000
1111101000010110
0001110111010010
1100000000110000
0000110100000010
1100000000000000
1010100000000000
1111101010100110
0001110111010100
1100010000110000
1100010011000000
1101000000000000
0100110001101111
0110000101100100
0010000001101011
0110010101110010
0110111001100101
0110110000100000
0010111000101110
0010111000100000
0000000001001011
0100010101010010
0100111001000101
0100110000100000
0010000000000000
0100001001001001
0100111000000000
0010100001010011
0111010001100001
0111001001110100
0010000001101011
0110010101110010
0110111001100101
0110110001000000
0011000001111000
0000000000101001
0000101000000000
1100000011000000
0000110011001101
0000101100000010
1100000000000000
1010100000000000
1111101000010110
0001110111010010
0000101000000000
0000000000001010
1100000000000000
1010100000000000
1111100110100100
0001110111010010
0000101000000000
0000000000011110
1100000000000000
1010100000000000
1111000000001110
0001110111010010
0010110100000001
1010000010000000
1111001000001000
1010100000000000
1111000000110010
1010000011110000
1111001000000000
0000101000000000
1111000000000000
1100000000000000
1010100000000000
1111000000101000
0001110111010010
1100010011000000
1101000000000000
1100000011000000
0000110011001101
0000101000000000
1111100000111100
1100000000000000
1010100000000000
1111000111010100
0001110111010010
1100010011000000
1101000000000000
1100000011000000
0000110011001101
0000101000000000
1111100001001010
1100000000000000
1010100000000000
1111000111010100
0001110111010010
1100010011000000
1101000000000000
1100000011000000
0000110011001101
0000101100000011
0001110100000001
0001101100000010
0000111100000000
1000010100001000
0000101100010010
0001101100010011
0011111100000001
1100010011000000
1101000000000000
1100000011000000
0000110011001101
1100000000110000
1100000001000000
0000100000000000
1111101100000010
1100000000000000
0000110100000000
1100000000000000
0000110100000000
1100000000000000
1010100000000000
1111100010111100
0001110111010110
0000101000110000
0000000110111110
0010101000110000
0000000111111110
1010000001010000
1111001011010110
0000110000000011
0001110100000100
0001100000000000
1111101100000010
0000111101000000
0010110101000110
1010000010000000
1111001011001010
0000110000000011
0001101000000000
0000000000001010
1100000000000000
0000100000000000
1111101100000010
1100000000000000
1010100000000000
1111001001000000
0001110111010100
0000100000010000
1111101100001100
0001011000000001
0000110000000011
0001101000000000
0000000000001000
1100000000000000
0000100000000000
1111101100000010
1100000000000000
1010100000000000
1111001001000000
0001110111010100
0000100000010000
1111101100001100
0100110100010001
0001011000000001
1010000011110000
1111001011100010
0000110000000011
0001101000000000
0000000000010000
0000110000110000
1010000011110000
1111001001111000
0000101000000000
1111100001011010
1100000000000000
1010100000000000
1111000111010100
0001110111010010
1100010001000000
1100010000110000
1100010011000000
1101000000000000
1100000011000000
0000110011001101
1100000000110000
0000100000000000
1111101100000010
1100000000000000
0000100000000000
1111101100001100
0100110100000001
0000111000000000
1100000000000000
0000100000000000
1111101100001100
0000111000000000
1100000000000000
1010100000000000
1111100010111100
0001110111010110
0000101000000000
0000000000001011
1100000000000000
0000100000000000
1111101100000010
1100000000000000
1010100000000000
1111001001000000
0001110111010100
0010101000000000
0000001000000000
1010000000000000
1111001100101100
1010100000000000
1111001000011000
0000100000000000
1111101100000010
0001101000000000
0000000000001101
0000111100000000
0001000000000000
1110001000001010
0000100000000000
1111101100010000
0000110100010000
0001011000010000
0000101000000000
0000000000001110
1100000000000000
0000100000000000
1111101100000010
1100000000000000
1010100000000000
1111001001000000
0001110111010100
0000100000010000
1111101100010000
0100110100010001
0001011000000001
0000100000000000
1111101100001100
1100000000000000
0000100000000000
1111101100010000
1100000000000000
1010100000000000
1111000001010010
0001110111010100
0000101000000000
0000000000010110
1100000000000000
0000100000000000
1111101100000010
1100000000000000
1010100000000000
1111001001000000
0001110111010100
0000110000110000
0010110100110000
1010000010000000
1111001110001100
1010100000000000
1111001000011000
0000100000000000
1111101100010010
0000110100010000
0001011000010000
0000100000000000
1111101100000010
0001101000000000
0000000000010000
0000100000010000
1111101100010010
0100110100010001
0000111100000000
0001011000000001
0000100000000000
1111101100010000
1100000000000000
1100000000110000
0000100000000000
1111101100010010
1100000000000000
1010100000000000
1111000001110100
0001110111010100
1100000000000000
1010100000000000
1111000001010010
0001110111010100
0000100000000000
1111101100010100
0000110100010000
0001011000010000
0000101000000000
0000000000010001
1100000000000000
0000100000000000
1111101100000010
1100000000000000
1010100000000000
1111001001000000
0001110111010100
1001010100000100
0000100000010000
1111101100010100
0100110100010001
0001011000000001
0000100000000000
1111101100010010
1100000000000000
0000100000000000
1111101100010100
1100000000000000
1010100000000000
1111000001010010
0001110111010100
1100010000110000
1100010011000000
1101000000000000
1100000011000000
0000110011001101
1100000000110000
1100000001000000
0000110100110000
0010101100110101
1010000001010000
1111010000110100
0000101100000011
0001110000000011
0001101100000010
0000101100010100
0001110000010011
0000111100000000
0010011100000001
0000110001000000
0010110101000000
1010000000000000
1111010000101010
0000110000000100
1010000011110000
1111010000110110
0000110000000011
0001110100000001
0000110000110000
1010000011110000
1111010000001000
0000110100000000
1100010001000000
1100010000110000
1100010011000000
1101000000000000
1100000011000000
0000110011001101
0000101100000011
0000111000000000
1100000000000000
0000101100000010
0000111000000000
1100000000000000
1010100000000000
1111000000111010
0001110111010100
0010110100000000
1010000001010000
1111010001100000
0000110100000001
1010000011110000
1111010010010000
0000101100000010
0000101100010011
0000111000000000
0010111000000001
1010000010000000
1111010010001110
0000101100000011
0100110100000001
0000111000000000
1100000000000000
0000101100000010
0100110100000001
0000111000000000
1100000000000000
1010100000000000
1111000000111010
0001110111010100
0010110100000000
1010000001010000
1111010010001110
0000110100000001
1010000011110000
1111010010010000
0000110100000000
1100010011000000
1101000000000000
1100000011000000
0000110011001101
1100000000110000
0000100000000000
1111101100010010
0000100000010000
1111101100000100
0000111000000000
0001011000000001
0000100000000000
1111101100010010
0100110100000001
0000100000010000
1111101100000100
0100110100010001
0000111000000000
0001011000000001
0000100000000000
1111101100010100
1100000000000000
0000100000000000
1111101100000100
1100000000000000
1010100000000000
1111010000111110
0001110111010100
0010110100000000
1010000000000000
1111010111000100
0000100000000000
1111101100000010
1100000000000000
0000100000000000
1111101100000100
0100110100000001
0000111000000000
1100000000000000
0000100000000000
1111101100000100
0000111000000000
1100000000000000
1010100000000000
1111100010111100
0001110111010110
0000110100110000
0010101000110000
0000001000000000
1010000001010000
1111010110101110
0000110000000011
0001101000000000
0000000000001011
0001100000000000
1111101100000010
0000111100000000
0011001000000000
0000000000011010
1010000010000000
1111010110100010
0000101000000000
0000000000001000
1100000000000000
0000101100000010
1100000000000000
1100000000110000
0000100000000000
1111101100000010
1100000000000000
1010100000000000
1111001111111110
0001101011010000
0000000000001000
0010110100000000
1010000010000000
1111010110100010
0000110100000011
1100000000000000
0000101100000011
1100000000000000
0000110000000011
0001101000000000
0000000000001000
1100000000000000
0000100000000000
1111101100000010
1100000000000000
1010100000000000
1111001111111110
0001101011010000
0000000000001000
0010110100000000
1010000010000000
1111010110100010
0000110000000011
0001101000000000
0000000000011010
1100000000000000
0000100000000000
1111101100000010
1100000000000000
1010100000000000
1111001001000000
0001110111010100
0001000000000000
1110001000011100
0000110000000011
0001101000000000
0000000000011110
1100000000000000
0000100000000000
1111101100000010
1100000000000000
1010100000000000
1111001001000000
0001110111010100
0000100000010000
1111101100010110
0001011000000001
0000110000000011
0001101000000000
0000000000011100
1100000000000000
0000100000000000
1111101100000010
1100000000000000
1010100000000000
1111001001000000
0001110111010100
0000100000010000
1111101100010110
0100110100010001
0001011000000001
0000110100000001
1010000011110000
1111010111000110
0000110000000011
0001101000000000
0000000000100000
0000110000110000
1010000011110000
1111010011101110
0000100000000000
1111101100001010
1100000000000000
0000100000000000
1111101100000100
1100000000000000
1010100000000000
1111000001010010
0001110111010100
1010000011110000
1111010010110110
0000110100000000
1100010000110000
1100010011000000
1101000000000000
1100000011000000
0000110011001101
1100000000110000
1100000001000000
0000100000000000
1110010000100010
0010110100000000
1010000010000000
1111011000011000
0000100000000000
1111101100011010
0000110100010000
0001011000010000
0000100000000000
1110001000011100
0001110100001110
0000100000010000
1111101100011010
0100110100010001
0001011000000001
0000100000000000
1110001000001010
1100000000000000
0000100000000000
1111101100011010
1100000000000000
1010100000000000
1111000001110100
0001110111010100
0000100000000000
1111101100010100
1100000000000000
0000100000000000
1111101100011010
1100000000000000
1010100000000000
1111000001010010
0001110111010100
0000100000000000
1111101100000010
1100000000000000
0000100000000000
1111101100011010
0100110100000001
0000111000000000
1100000000000000
0000100000000000
1111101100011010
0000111000000000
1100000000000000
1010100000000000
1111100010111100
0001110111010110
0000100000000000
1111101100001010
1100000000000000
0000100000000000
1111101100011010
1100000000000000
1010100000000000
1111000001010010
0001110111010100
0000100000000000
1110010000100010
0001110100000001
0001000000000000
1110010000100010
0000100000000000
1110010000100010
0010100000000000
1110001000001010
1010000001110000
1111011011010010
0000100000000000
1110001000011100
1001010100001000
0011001000000000
0000000011111111
0000110000110000
0010100000110000
1110010000100100
1010000000000000
1111011010110110
0000100000000000
1111101100000100
0000110100010000
0001011000010000
0000100000000000
1111101100000100
0100110100000001
0001011000110000
0000100000000000
1111101100010000
1100000000000000
0000100000000000
1111101100000100
1100000000000000
1010100000000000
1111000001010010
0001110111010100
0000100000000000
1111101100011000
1100000000000000
0000100000000000
1111101100000100
0100110100000001
0000111000000000
1100000000000000
0000100000000000
1111101100000100
0000111000000000
1100000000000000
1010100000000000
1111100010111100
0001110111010110
0001000000110000
1110010000100100
0000100000000000
1110001000011100
0011001000000000
0000000011111111
0000110001000000
0000100000000000
1111101100011000
0100110000000100
0000111000000000
0001000000000000
1110001000011100
0000110100000000
0001000000000000
1110010000100010
1100010001000000
1100010000110000
1100010011000000
1101000000000000
1100000011000000
0000110011001101
1100000000110000
1100000001000000
1100000001010000
0000100000110000
1111101100000010
0000110001000011
0000100000000000
1110010000100110
0010110100000000
1010000010000000
1111011011111000
1010100000000000
1111010111001100
0000110000000100
0100100000000000
1110010000100110
0000111001010000
0000100000000000
1110010000100110
0001110100000001
0001000000000000
1110010000100110
0000100000000000
1110010000100110
0010101000000000
0000000100000000
1010000001110000
1111011100011100
0000110100000000
0001000000000000
1110010000100110
0000110000000101
1100010001010000
1100010001000000
1100010000110000
1100010011000000
1101000000000000
1100000011000000
0000110011001101
1100000000110000
1100000001000000
1100000001010000
0000100000000000
1111101100010110
0000111000000000
0010110100000000
1010000010000000
1111011101011100
0000110100000110
1100000000000000
0000100000000000
1111101100010110
0100110100000001
0000111000000000
1100000000000000
1010100000000000
1111000000111010
0001110111010100
0010110100000000
1010000001010000
1111011101011100
1010100000000000
1111001000101100
1010100000000000
1111011011011010
1100000000000000
1010100000000000
1111000000100010
0001110111010010
0000110000110000
1010100000000000
1111011011011010
0000110001000000
0000100000000000
1111101100010110
0000111000000000
0010110100000000
1010000010000000
1111011110001100
0000100000000000
1111101100010110
0100110100000001
0000110000010100
0001110100010100
0010111000010000
1010000000000000
1111011110010000
1010100000000000
1111001000101100
0000110000000100
0001110100000001
1001010100000001
0000110001000000
0000110101010000
1100000001000000
1100000001010000
1010100000000000
1111000000111010
0001110111010100
0010110100000000
1010000001010000
1111011110111110
1010100000000000
1111011011011010
0000110000010011
0100110000010101
0001011000000001
0000110000000101
0001110100000001
0000110001010000
1010000011110000
1111011110011010
1100000000110000
1010100000000000
1111000000100010
0001110111010010
1100010001010000
1100010001000000
1100010000110000
1100010011000000
1101000000000000
1100000011000000
0000110011001101
1010100000000000
1111100010001110
1010100000000000
1111001001011000
1010100000000000
1111001011101010
0000100000000000
1111101100011010
0000110100010000
0001011000010000
0000100000000000
1111101100011010
0100110100000001
0000110100010000
0001011000010000
0000110100000000
0001000000000000
1110010000100010
0000110100001111
0001000000000000
1110010000100100
0000110100000000
0001000000000000
1110010000100110
1100010011000000
1101000000000000
1100000011000000
0000110011001101
1100000000110000
0000101100000011
1100000000000000
0000101100000010
1100000000000000
1010100000000000
1111010010010100
0001110111010100
0100010100000001
1010000000000000
1111100000101110
0000101000000000
1111100001111101
1100000000000000
1010100000000000
1111000111010100
0001110111010010
1010100000000000
1111011100101000
0000110000110000
0000110000000011
1100010000110000
1100010011000000
1101000000000000
0110111001101111
0111010000100000
0111001101110101
0111000001110000
0110111101110010
0111010001100101
0110010000000000
0110001001100001
0110010000100000
0110101101100101
0111001001101110
0110010101101100
0010000001100110
0110100101101100
0110010100000000
0110001101100001
0110111000100111
0111010000100000
0110011001101001
0110111001100100
0010000001100001
0110001101110100
0110100101110110
0110010100100000
0100011001000001
0101010000110001
0011011000100000
0111000001100001
0111001001110100
0110100101110100
0110100101101111
0110111000100001
0000000001101011
0110010101110010
0110111001100101
0110110000100000
0110111001101111
0111010000100000
0110011001101111
0111010101101110
0110010000000000
1100000011000000
0000110011001101
0000110100000100
1100000000000000
0000101000000000
0000000000010000
1100000000000000
1010100000000000
1111000000010110
0001110111010100
0000101000000000
0000000000010000
1100000000000000
1010100000000000
1111000000001110
0001110111010010
0010110100000000
1010000010000000
1111100010111000
1010000011110000
1111100010100010
1100010011000000
1101000000000000
1100000011000000
0000110011001101
0000101100000100
1100000000000000
1010100000000000
1111000000100010
0001110111010010
1100000000000000
0000101000000000
0000000000010010
1100000000000000
1010100000000000
1111000000010110
0001110111010100
0000101100000010
1100000000000000
0000101000000000
0000000000010100
1100000000000000
1010100000000000
1111000000010110
0001110111010100
0000101100000011
1100000000000000
0000101000000000
0000000000010110
1100000000000000
1010100000000000
1111000000010110
0001110111010100
0000110100000010
1100000000000000
0000101000000000
0000000000010000
1100000000000000
1010100000000000
1111000000010110
0001110111010100
0000101000000000
0000000000010000
1100000000000000
1010100000000000
1111000000001110
0001110111010010
0010110100000000
1010000010000000
1111100100011110
1010000011110000
1111100100001000
1100010011000000
1101000000000000
1100000011000000
0000110011001101
1100000000110000
1100000001000000
0000101100000010
0000111000110000
0000101100000010
0100110100000001
0000111001000000
0000110000000100
0001110000000011
0000111100000000
0010101100000011
1010000010000000
1111100101100110
0000110000000011
0001110100000001
0000110000110000
0000110000000100
0001110000000011
0000111100000000
0010110100000000
1010000010000000
1111100101011110
0000101100000010
0000110100010000
0001011000010000
0000110100000001
1010000011110000
1111100101101110
0000101100000010
0001011000110000
1010000011110000
1111100101101100
0000101100000010
0000110100010000
0001011000010000
0000110100000000
1100010001000000
1100010000110000
1100010011000000
1101000000000000
1100000011000000
0000110011001101
0000101100000010
0001110100000010
1100000000000000
1010100000000000
1111000000001110
0001110111010010
0011001000000000
0000000010000000
1010000010000000
1111100110010010
1010000011110000
1111100101111010
0000101100000011
1100000000000000
0000101100000010
1100000000000000
1010100000000000
1111000000010110
0001110111010100
1100010011000000
1101000000000000
1100000011000000
0000110011001101
0000101100000010
0010101000000000
0000000000001010
1010000010000000
1111100111000100
0000101000000000
0000000000001101
1100000000000000
0000101000000000
0000000000001000
1100000000000000
1010100000000000
1111100101110110
0001110111010100
0000101100000010
1100000000000000
0000101000000000
0000000000001000
1100000000000000
1010100000000000
1111100101110110
0001110111010100
0000101000000000
0000000000101110
1100000000000000
1010100000000000
1111000000001110
0001110111010010
0011010100000001
1010000000000000
1111101000010010
0000101100000010
0010101000000000
0000000000001010
1010000010000000
1111101000000010
0000101000000000
0000000000001101
1100000000000000
0000101000000000
0000000000101000
1100000000000000
1010100000000000
1111100101110110
0001110111010100
0000101100000010
1100000000000000
0000101000000000
0000000000101000
1100000000000000
1010100000000000
1111100101110110
0001110111010100
1100010011000000
1101000000000000
1100000011000000
0000110011001101
1100000000110000
0000110100110000
0000101100000010
0001110000000011
0000111100000000
0010110100000000
1010000000000000
1111101001000010
0000101100000010
0001110000000011
0000111100000000
1100000000000000
1010100000000000
1111100110100100
0001110111010010
0000110000000011
0001110100000001
0000110000110000
1010000011110000
1111101000011110
1100010000110000
1100010011000000
1101000000000000
1100000011000000
0000110011001101
0000101100000010
1001010100001100
0011001000000000
0000000000001111
0001100000000000
1111101100011100
0000111100000000
1100000000000000
1010100000000000
1111100110100100
0001110111010010
0000101100000010
1001010100001000
0011001000000000
0000000000001111
0001100000000000
1111101100011100
0000111100000000
1100000000000000
1010100000000000
1111100110100100
0001110111010010
0000101100000010
1001010100000100
0011001000000000
0000000000001111
0001100000000000
1111101100011100
0000111100000000
1100000000000000
1010100000000000
1111100110100100
0001110111010010
0000101100000010
0011001000000000
0000000000001111
0001100000000000
1111101100011100
0000111100000000
1100000000000000
1010100000000000
1111100110100100
0001110111010010
1100010011000000
1101000000000000
1100000011000000
0000110011001101
1100000000110000
0000101000000000
1101000000000000
1100000000000000
1010100000000000
1111000000100010
0001110111010010
0001000000000000
1110010000101000
0000110100110000
0010110100110101
1010000001010000
1111101011011110
0000100000000000
1111101100101000
0100110000000011
0000100000010000
1110010000101000
0100110000010011
0000111000000000
0001011000000001
0000110000000011
0001110100000001
0000110000110000
1010000011110000
1111101010111110
0000101000000000
1101000000000000
1100000000000000
1010100000000000
1111000000101000
0001110111010010
1100010000110000
1100010011000000
1101000000000000
0011000000110001
0011001000110011
0011010000110101
0011011000110111
0011100000111001
0110000101100010
0110001101100100
0110010101100110
0000000000000000
1110000000000000
1110001000000000
0000000000000000
0000000000000001
1111101100000110
1110001000000100
1110001000001000
1110001000001100
1110001000010000
1110001000010100
1110001000011000
1110001000011110
1110010000011110
1111101011110000
0000101100000010
1011100000000000
0000000011110000
0000101100000011
1010011011110000
1111101100011110
0000000000000000
0000000000000000
0000000000000000
0000000000000000
0000000000000000
0000000000000000
0000000000000000
0000000000000000
0000000000000000
0000000000000000
0000000000000000
0000000000000000
0000000000000000
0000000000000000
0000000000000000
0000000000000000
0000000000000000
0000000000000000
0000000000000000
0000000000000000
0000000000000000
0000000000000000
0000000000000000
0000000000000000
0000000000000000
0000000000000000
0000000000000000
0000000000000000
0000000000000000
0000000000000000
0000000000000000
0000000000000000
0000000000000000
0000000000000000
0000000000000000
0000000000000000
0000000000000000
0000000000000000
0000000000000000
0000000000000000
0000000000000000
0000000000000000
0000000000000000
0000000000000000
0000000000000000
0000000000000000
0000000000000000
0000000000000000
0000000000000000
0000000000000000
0000000000000000
0000000000000000
0000000000000000
0000000000000000
0000000000000000
0000000000000000
0000000000000000
0000000000000000
0000000000000000
0000000000000000
0000000000000000
0000000000000000
0000000000000000
0000000000000000
0000000000000000
0000000000000000
0000000000000000
0000000000000000
0000000000000000
0000000000000000
0000000000000000
0000000000000000
0000000000000000
0000000000000000
0000000000000000
0000000000000000
0000000000000000
0000000000000000
0000000000000000
0000000000000000
0000000000000000
0000000000000000
0000000000000000
0000000000000000
0000000000000000
0000000000000000
0000000000000000
0000000000000000
0000000000000000
0000000000000000
0000000000000000
0000000000000000
0000000000000000
0000000000000000
0000000000000000
0000000000000000
0000000000000000
0000000000000000
0000000000000000
0000000000000000
0000000000000000
0000000000000000
0000000000000000
0000000000000000
0000000000000000
0000000000000000
0000000000000000
0000000000000000
0000000000000000
0000000000000000
0000000000000000
0000000000000000
0000000000000000
0000000000000000
0000000000000000
0000000000000000
0000000000000000
0000000000000000
0000000000000000
0000000000000000
0000000000000000
0000000000000000
0000000000000000
0000000000000000
0000000000000000
0000000000000000
0000000000000000
0000000000000000
0000000000000000
0000000000000000
0000000000000000
0000000000000000
0000000000000000
0000000000000000
0000000000000000
0000000000000000
0000000000000000
0000000000000000
0000000000000000
0000000000000000
0000000000000000
0000000000000000
0000000000000000
0000000000000000
0000000000000000
0000000000000000
0000000000000000
0000000000000000
0000000000000000
0000000000000000
0000000000000000
0000000000000000
0000000000000000
0000000000000000
0000000000000000
0000000000000000
0000000000000000
0000000000000000
0000000000000000
0000000000000000
0000000000000000
0000000000000000
0000000000000000
0000000000000000
0000000000000000
0000000000000000
0000000000000000
0000000000000000
0000000000000000
0000000000000000
0000000000000000
0000000000000000
0000000000000000
0000000000000000
0000000000000000
0000000000000000
0000000000000000
0000000000000000
0000000000000000
0000000000000000
0000000000000000
0000000000000000
0000000000000000
0000000000000000
0000000000000000
0000000000000000
0000000000000000
0000000000000000
0000000000000000
0000000000000000
0000000000000000
0000000000000000
0000000000000000
0000000000000000
0000000000000000
0000000000000000
0000000000000000
0000000000000000
0000000000000000
0000000000000000
0000000000000000
0000000000000000
0000000000000000
0000000000000000
0000000000000000
0000000000000000
0000000000000000
0000000000000000
0000000000000000
0000000000000000
0000000000000000
0000000000000000
0000000000000000
0000000000000000
0000000000000000
0000000000000000
0000000000000000
0000000000000000
0000000000000000
0000000000000000
0000000000000000
0000000000000000
0000000000000000
0000000000000000
0000000000000000
0000000000000000
0000000000000000
0000000000000000
0000000000000000
0000000000000000
0000000000000000
0000000000000000
0000000000000000
0000000000000000
0000000000000000
0000000000000000
0000000000000000
0000000000000000
0000000000000000
0000000000000000
0000000000000000
0000000000000000
0000000000000000
0000000000000000
0000000000000000
0000000000000000
0000000000000000
0000000000000000
0000000000000000
0000000000000000
0000000000000000
0000000000000000
0000000000000000
0000000000000000
0000000000000000
0000000000000000
0000000000000000
0000000000000000
0000000000000000
0000000000000000
0000000000000000
0000000000000000
0000000000000000
0000000000000000
0000000000000000
0000000000000000
0000000000000000
0000000000000000
0000000000000000
0000000000000000
0000000000000000
0000000000000000
0000000000000000
0000000000000000
0000000000000000
0000000000000000
0000000000000000
0000000000000000
0000000000000000
0000000000000000
0000000000000000
0000000000000000
0000000000000000
0000000000000000
0000000000000000
0000000000000000
0000000000000000
0000000000000000
0000000000000000
0000000000000000
0000000000000000
0000000000000000
0000000000000000
0000000000000000
0000000000000000
0000000000000000
0000000000000000
0000000000000000
0000000000000000
0000000000000000
0000000000000000
0000000000000000
0000000000000000
0000000000000000
0000000000000000
0000000000000000
0000000000000000
0000000000000000
0000000000000000
0000000000000000
0000000000000000
0000000000000000
0000000000000000
0000000000000000
0000000000000000
0000000000000000
0000000000000000
0000000000000000
0000000000000000
0000000000000000
0000000000000000
0000000000000000
0000000000000000
0000000000000000
0000000000000000
0000000000000000
0000000000000000
0000000000000000
0000000000000000
0000000000000000
0000000000000000
0000000000000000
0000000000000000
0000000000000000
0000000000000000
0000000000000000
0000000000000000
0000000000000000
0000000000000000
0000000000000000
0000000000000000
0000000000000000
0000000000000000
0000000000000000
0000000000000000
0000000000000000
0000000000000000
0000000000000000
0000000000000000
0000000000000000
0000000000000000
0000000000000000
0000000000000000
0000000000000000
0000000000000000
0000000000000000
0000000000000000
0000000000000000
0000000000000000
0000000000000000
0000000000000000
0000000000000000
0000000000000000
0000000000000000
0000000000000000
0000000000000000
0000000000000000
0000000000000000
0000000000000000
0000000000000000
0000000000000000
0000000000000000
0000000000000000
0000000000000000
0000000000000000
0000000000000000
0000000000000000
0000000000000000
0000000000000000
0000000000000000
0000000000000000
0000000000000000
0000000000000000
0000000000000000
0000000000000000
0000000000000000
0000000000000000
0000000000000000
0000000000000000
0000000000000000
0000000000000000
0000000000000000
0000000000000000
0000000000000000
0000000000000000
0000000000000000
0000000000000000
0000000000000000
0000000000000000
0000000000000000
0000000000000000
0000000000000000
0000000000000000
0000000000000000
0000000000000000
0000000000000000
0000000000000000
0000000000000000
0000000000000000
0000000000000000
0000000000000000
0000000000000000
0000000000000000
0000000000000000
0000000000000000
0000000000000000
0000000000000000
0000000000000000
0000000000000000
0000000000000000
0000000000000000
0000000000000000
0000000000000000
0000000000000000
0000000000000000
0000000000000000
0000000000000000
0000000000000000
0000000000000000
0000000000000000
0000000000000000
0000000000000000
0000000000000000
0000000000000000
0000000000000000
0000000000000000
0000000000000000
0000000000000000
0000000000000000
0000000000000000
0000000000000000
0000000000000000
0000000000000000
0000000000000000
0000000000000000
0000000000000000
0000000000000000
0000000000000000
0000000000000000
0000000000000000
0000000000000000
0000000000000000
0000000000000000
0000000000000000
0000000000000000
0000000000000000
0000000000000000
0000000000000000
0000000000000000
0000000000000000
0000000000000000
0000000000000000
0000000000000000
0000000000000000
0000000000000000
0000000000000000
0000000000000000
0000000000000000
0000000000000000
0000000000000000
0000000000000000
0000000000000000
0000000000000000
0000000000000000
0000000000000000
0000000000000000
0000000000000000
0000000000000000
0000000000000000
0000000000000000
0000000000000000
0000000000000000
0000000000000000
0000000000000000
0000000000000000
0000000000000000
0000000000000000
0000000000000000
0000000000000000
0000000000000000
0000000000000000
0000000000000000
0000000000000000
0000000000000000
0000000000000000
0000000000000000
0000000000000000
0000000000000000
0000000000000000
0000000000000000
0000000000000000
0000000000000000
0000000000000000
0000000000000000
0000000000000000
0000000000000000
0000000000000000
0000000000000000
0000000000000000
0000000000000000
0000000000000000
0000000000000000
0000000000000000
0000000000000000
0000000000000000
0000000000000000
0000000000000000
0000000000000000
0000000000000000
0000000000000000
0000000000000000
0000000000000000
0000000000000000
0000000000000000
0000000000000000
0000000000000000
0000000000000000
0000000000000000
0000000000000000
0000000000000000
0000000000000000
0000000000000000
0000000000000000
0000000000000000
0000000000000000
0000000000000000
0000000000000000
0000000000000000
0000000000000000
0000000000000000
0000000000000000
0000000000000000
0000000000000000
0000000000000000
0000000000000000
0000000000000000
0000000000000000
0000000000000000
0000000000000000
0000000000000000
0000000000000000
0000000000000000
0000000000000000
0000000000000000
0000000000000000
0000000000000000
0000000000000000
0000000000000000
0000000000000000
0000000000000000
0000000000000000
0000000000000000
0000000000000000
0000000000000000
0000000000000000
0000000000000000
0000000000000000
0000000000000000
0000000000000000
0000000000000000
0000000000000000
0000000000000000
0000000000000000
0000000000000000
0000000000000000
0000000000000000
0000000000000000
0000000000000000
0000000000000000
0000000000000000
0000000000000000
0000000000000000
0000000000000000
0000000000000000
0000000000000000
0000000000000000
0000000000000000
0000000000000000
0000000000000000
0000000000000000
0000000000000000
0000000000000000
0000000000000000
0000000000000000
0000000000000000
0000000000000000
0000000000000000
0000000000000000
0000000000000000
0000000000000000
0000000000000000
0000000000000000
0000000000000000
0000000000000000
0000000000000000
0000000000000000
0000000000000000
0000000000000000
0000000000000000
0000000000000000
0000000000000000
0000000000000000
0000000000000000
0000000000000000
0000000000000000
0000000000000000
0000000000000000
0000000000000000
0000000000000000
