00010100000001000000001100000011
10000100100001000101000000000000
00011000000000100000001000000000
00000000000000000000011110110101
00010100000000100000001100000110
00000000000000000000000100000000
00010111111000000000000000000000
10010010010111000110000000000000
00011110000000100010000000000000
10010010010001000000000000000000
00100000000001000010000000000000
00000000000000000001000000000000
00100000100000000000000100000000
10000100100000000001000000000000
00100000000001000000000000000000
00000000000000000001001000000001
10000100100000000001000000000000
00111100000001000000000000000000
00000000000000000001001000000001
10000100100000000001001000000001
00110001110000000000000000000000
00111110000001000000000000000000
00000000000000000001001000000001
00000000000000001000001000000001
00011100000001000000000000000000
00000000000000000001001000000001
00011100000001000000000000000000
00000000000000001010001000000001
00100001000000000000000100000000
00011101000000000000000100000000
00010111000000000000000100000000
00000000000000000001000000000000
00100000000001000000000000000000
10000100100000000010000100000000
00000000000000000001000000000000
00111100000001000000000000000000
10000100100000000010000100000000
00110001110000000000000000000000
00111110000001000000000000000000
00000000000000000010000100000000
00011100000001000000000000000000
00000000000000000010000100000000
00011100000001000000000000000000
00000000000000001011000100000000
00111001000010000000000100000000
01001001000010000000000100000000
01001000000010000000000100000000
01011001000010000000000100000000
01101001000010000000000100000000
01111001000010000000000100000000
00111001000000000000000000000000
00111001000010000000000100000000
00000001110010000000000000000000
11001111110010000000000000000000
11001001000010000000000000000000
10101111110010000000011000110101
11001111110010000000000000000000
11001001000010000000000100000000
00100000000010000000000000000000
00000001110010000000110110101001
11011001000010000000000000000000
11011111110010000000000000000000
11111110000010000000000000000000
10111111110010000000011000111100
11011001000010000000000100000000
00100000000010000000000000000000
00000001110010000000110110101001
11011001000010000000000000000000
11011111110010000000000000000000
11111110000010000000000000000000
10111111110010000000011001000011
00011111000010000000000100000000
00000001010010000000000000000000
11001011010010000000000000000000
11001001000010000000000000000000
10101011010010000000011001001001
11001011010010000000000000000000
11001001000010000000000100000000
00100000000010000000000000000000
00000000000010000000110110101001
11011001000010000000000000000000
11011011010010000000000000000000
11111010000010000000000000000000
10111011010010000000011001010000
11011001000010000000000100000000
00000000000000000000010001010111
00011000000010000000000100000000
11101001000010000000010001010111
00000000000000000000000100000000
10000100100000000001010100000000
00100000100000000000000100000000
10000100100000000001010100000000
00111100100000000000000100000000
00000000000000000000010100000000
00011100100000000000000100000000
10000100100000100001000000000000
10010010010001000000000000000000
00100000100000000010000100000000
10000100100000100001000000000000
10010010010001000000000000000000
00111100100000000010000100000000
00010100100000100000000000000000
10010010010001000000000000000000
00011100100000000010000100000000
00000000000000000001111010011110
00100000000001000000000000000000
10000100100000000011000101101111
00011100000001000000111010011110
00000000000000000011000101101111
00011100000001000000111010011110
00000000000000001100000101101111
00100001000000000000000100000000
00000000000000000001111010011110
00100000000001000000000000000000
10000100100000000100000100000000
00011100000001000000111010011110
00000000000000000100000100000000
00011100000001000000111010011110
00000000000000001101000100000000
10010010010001000000000000000000
00000000000000000010000100000000
00010010000001000000000000000000
10000010010000000001000000000000
00100001000000000000000100000000
00010010000001000000000000000000
10000010010000000001000000000000
00100000100000000000000100000000
00010010000001000000110010011110
10000010010001000001000000000000
00100001110000000001000000000000
10000010010000000000000000000000
00011110110000000000000000000000
00100000100000000000000100000000
00000000000000000000110010011110
00000000000100000000000100000000
00000000000000000000110010011110
00000000000110000000000100000000
00000000000000000000110010011110
00000000000000001001000100000000
00010111111000000000000000000000
10010010010111000000000000000000
00010100000000100000000000000000
10010010010001000010000000000000
00011110000000100000000000000000
00000001110000000010000000000000
10011110000001000000000000000000
00000000000000000001000000000000
00100000100000000000000100000000
00010111111000000000000000000000
10010010010111000000000000000000
00010100000000100000000000000000
10010010010001000010000000000000
00011110000000100000000000000000
00000001110000000010000000000000
10011111110000000000000000000000
10011110000001000000000000000000
00000000000000000001000000000000
00100000100000000000000100000000
00010111111000000000000000000000
10010010010111000000000000000000
00010100000000100000000000000000
10010010010001000010000000000000
00011110000000100000000000000000
00000001110000000010000000000000
10011111110000000000000000000000
10011111110000000000000000000000
10011110000001000000000000000000
00000000000000000001000000000000
00100000100000000000000100000000
00010111111000000000000000000000
10010010010111000000000000000000
00010100000000100000000000000000
10010010010001000010000000000000
00011110000000100000000000000000
00000001110000000010000000000000
10011111110000000000000000000000
10011111110000000000000000000000
10011111110000000000000000000000
10011110000001000000000000000000
00000000000000000001000000000000
00100000100000000000000100000000
00000001110000000000000000000000
10011110000001000000000000000000
00000000000000000111000000000000
00000001110000000000011110111010
00000000000000000000000100000000
10011111110001000000000000000000
10011111110001000111000000000000
00000000000000000000100011010000
00000000000000000000100111010110
00000000000000000000101011011100
00000000000000000000101111110001
10011111110001000111000000000000
10011110000001000000000000000000
11100101110000000000101011000101
11100111110000000000101111000101
11101101110000000000000000000000
11101111110000000011000000000000
11101111110000000000000000000000
11101111110000000000000000000000
11101111110000000000000000000000
11101111110000000000000000000000
11101111110000000000000000000000
11101111110000000000101011001110
00000000000000000000101111001111
01101111100000000000000110111000
01101110100000000000000110111000
01101110110000000000000110111000
10011111110000000111000000000000
10011110000001000000000000000000
00010100000000100000101011010101
00010110000000100000101111010101
00011100000000100000000000000000
00000000000000000100000110111000
10011111110001000000000000000000
00000000000000000011000000000000
00100000000001000000000000000000
10011110000001000001000000000000
00100000000000100000000000000000
00000000000000000100000110111000
10011111110001000000000000000000
00000000000000000011000000000000
00100000000001000000000000000000
10011110000001000001000000000000
00100001110000000011000000000000
11101111110000000000000000000000
11101111110000000000000000000000
11101111110000000000000000000000
11101111110000000000000000000000
11101111110000000000000000000000
11101111110000000000000000000000
11101111110000000000000000000000
11101111110000000000000000000000
01101110000000100000000000000000
00000001110000000000000000000000
10011111110000000000000000000000
10011111110000000000000000000000
10011110000001000000000000000000
00000000000000000011000000000000
00100000000001000000000000000000
00000000000000000010000110111000
10011111110001000000000000000000
10011110000001000011000000000000
00100000000000100000000000000000
00000000000000000100000110111000
00000000000000000000000000000000
00000000000000000000000000000000
00000000000000000000000000000000
00000000000000000000000000000000
00000000000000000000000000000000
00000000000000000000000000000000
00000000000000000000000000000000
00000000000000000000000000000000
00000000000000000000000000000000
00000000000000000000000000000000
00000000000000000000000000000000
