0000101011010000
1111000000000000
1010100000000000
1111001010100000
1111111100000000
1010000011110000
1111000000000000
0000100100011101
0000000000000010
1011011000000001
1101000000000000
0000100100001101
0000000000000010
0000100100011101
0000000000000100
1011111000010000
1101000000000000
0000100100001101
0000000000000010
1101000000000000
0000100100001101
0000000000000010
0000101011010000
1110000000000000
1010011011110000
1111111100000000
1101000000000000
0000101100000001
1101000000000000
0000100100001101
0000000000000010
0010100100001101
0000000000000100
0000110100000001
1010000011000000
1111000001010000
0000110100000000
1010000000000000
1111000001010000
0000110100001111
1101000000000000
0000100100001101
0000000000000010
0000100100011101
0000000000000100
0000100100100000
0000000000000010
0001100100100001
0000000000000010
0001000100100000
0000000000000010
0000111000100000
1010000010010000
1111000001101110
0001110100100001
0001111000100001
0001011000100000
1101000000000000
0000100100001101
0000000000000010
0000100100011101
0000000000000100
0000100100100000
0000000000000010
0010000100100001
0000000000000010
0001000100100000
0000000000000010
0000111000100000
1010000010010000
1111000010010000
0010010100100001
0010011000100001
0001011000100000
1101000000000000
0000100100101101
0000000000000010
0000100100000010
0000000000000010
0110100100001101
0000000000000100
0001011000010010
0001000100000010
0000000000000010
0000110000000010
1101000000000000
0000100100101101
0000000000000010
0000100100000010
0000000000000010
0000111000010010
0111000100001101
0000000000000100
0001000100010010
0000000000000010
0001011000000010
0000110000000010
1101000000000000
1100000011000000
0000110011001101
1100000000110000
0000101000000000
0000000000001010
1100000000000000
1010100000000000
1111000000001110
0001110111010010
0011001000000000
0000000001000000
1010000000000000
1111000011111010
0000101000000000
0000000000001000
1100000000000000
1010100000000000
1111000000001110
0001110111010010
0000110000110000
0000110000000011
0011001000000000
0000000011111111
1100000000000000
1010100000000000
1111110000101110
0001110111010010
0000101000000000
0000000000001110
1100000000000000
1010100000000000
1111000000001110
0001110111010010
0011001000000000
0000000001000000
1010000000000000
1111000100101010
0000101000000000
0000000000001100
1100000000000000
1010100000000000
1111000000001110
0001110111010010
0000110000110000
0000110000000011
0011001000000000
0000000011111111
1100000000000000
1010100000000000
1111101111111110
0001110111010010
1010000011110000
1111000011001010
1100010000110000
1100010011000000
1101000000000000
1100000011000000
0000110011001101
1100000000110000
0000101000000000
1111001101010110
1100000000000000
1010100000000000
1111110010110110
0001110111010010
1010100000000000
1111000000110010
0000101000000000
1111001101110101
1100000000000000
1010100000000000
1111110010110110
0001110111010010
1010100000000000
1111101001000100
0000101000000000
1111001110001111
1100000000000000
0000101000000000
1111001110000110
1100000000000000
1010100000000000
1111101001111100
0001110111010100
0000110000110000
0000101000000000
1111001110010011
1100000000000000
1010100000000000
1111110010110110
0001110111010010
1100000000110000
1010100000000000
1111110011101000
0001110111010010
0000101000000000
1111001110100100
1100000000000000
1010100000000000
1111110010110110
0001110111010010
1100000000110000
1010100000000000
1111000000101000
0001110111010010
1100010000110000
1100010011000000
1101000000000000
1100000011000000
0000110011001101
1100000000110000
1100000001000000
0000110100110000
0000101000000000
0000000000001010
1100000000000000
1010100000000000
1111000000001110
0001110111010010
0011001000000000
0000000001000000
1010000000000000
1111001000001100
0000101000000000
0000000000001000
1100000000000000
1010100000000000
1111000000001110
0001110111010010
0000110001000000
0010110100110000
1010000000000000
1111000111110000
1100000001000000
0000101000000000
0000000000101100
1100000000000000
1010100000000000
1111000000010110
0001110111010100
0000110000000100
0011001000000000
0000000011111111
1100000000000000
1010100000000000
1111101111111110
0001110111010010
0000110100110000
1010000011110000
1111001000001100
0010101001000000
0000000000011011
1010000010000000
1111000111111110
0000110100110001
1010000011110000
1111001000001100
0000110000000100
0011001000000000
0000000011111111
1100000000000000
1010100000000000
1111110001011110
0001110111010010
0000101000000000
0000000000101010
1100000000000000
1010100000000000
1111000000001110
0001110111010010
0011001000000000
0000000001000000
1010000000000000
1111001000111100
0000101000000000
0000000000101000
1100000000000000
1010100000000000
1111000000001110
0001110111010010
0000110001000000
0000110000000100
0011001000000000
0000000011111111
1100000000000000
1010100000000000
1111101111111110
0001110111010010
1010000011110000
1111000110100110
1100010001000000
1100010000110000
1100010011000000
1101000000000000
1100000011000000
0000110011001101
1100000000110000
0000110100110000
0010101000110000
0000000000001010
1010000001010000
1111001010011010
0000110100000111
1100000000000000
0000101000000000
0000000000101100
1100000000000000
1010100000000000
1111000000010110
0001110111010100
0000101000000000
1111001110100111
1100000000000000
1010100000000000
1111110010110110
0001110111010010
0000110100000011
1100000000000000
0000101000000000
0000000000101100
1100000000000000
1010100000000000
1111000000010110
0001110111010100
0000101000000000
1111001110110100
1100000000000000
1010100000000000
1111110010110110
0001110111010010
0000110000000011
0001110100000001
0000110000110000
1010000011110000
1111001001010000
1100010000110000
1100010011000000
1101000000000000
1100000011000000
0000110011001101
1100000000110000
0000101000000000
1111001111000001
1100000000000000
1010100000000000
1111110010110110
0001110111010010
0000101000000000
1111001111100001
1100000000000000
1010100000000000
1111110010110110
0001110111010010
0000101000000000
1111001111100111
1100000000000000
1010100000000000
1111110010110110
0001110111010010
0000101000000000
1111001111101001
1100000000000000
1010100000000000
1111110010110110
0001110111010010
0000101000000000
1111001111111000
1100000000000000
1010100000000000
1111110010110110
0001110111010010
0000101000000000
1111010000010101
1100000000000000
1010100000000000
1111110010110110
0001110111010010
0000101000000000
1111010000011000
1100000000000000
1010100000000000
1111110010110110
0001110111010010
0000101000000000
1111010001001111
1100000000000000
1010100000000000
1111110010110110
0001110111010010
0000101000000000
0000000000011110
1100000000000000
1010100000000000
1111000000001110
0001110111010010
0000110000110000
0010110100110000
1010000010000000
1111001100100010
1010100000000000
1111000011000100
1010000011110000
1111001101001000
0010110100110001
1010000010000000
1111001100110000
1010100000000000
1111000100110100
1010000011110000
1111001101001000
0010110100110010
1010000010000000
1111001100111110
1010100000000000
1111000110011100
1010000011110000
1111001101001000
0010110100110011
1010000010000000
1111001101001000
1010100000000000
1111001001001000
1010100000000000
1111000000110010
1010000011110000
1111001101001000
1100010000110000
1100010011000000
1101000000000000
0101000001110101
0111001101101000
0010000000100010
0101001001010101
0100111000100010
0010000001110100
0110111100100000
0110001001101111
0110111101110100
0010000001110100
0110100001100101
0010000001101011
0110010101110010
0110111001100101
0110110000001010
0000000001001100
0110111101100001
0110010000100000
0110101101100101
0111001001101110
0110010101101100
0010000000101110
0010111000101110
0010000000000000
0100101101000101
0101001001001110
0100010101001100
0010000000100000
0000000001000010
0100100101001110
0000000000101000
0101001101110100
0110000101110010
0111010000100000
0110101101100101
0111001001101110
0110010101101100
0100000000110000
0111100000000000
0010100100001010
0000000001110010
0110010101110011
0110010101110100
0010000001101110
0110111101110111
0010000000100001
0010000100000000
0111001001100101
0111001101100101
0111010000100000
0110111001101111
0111011100100000
0010000100100001
0000000001010100
0110000101000011
0010000001001001
0110111001101001
0111010001101001
0110000101101100
0010000001010000
0111001001101111
0110011101110010
0110000101101101
0010000001001100
0110111101100001
0110010001100101
0111001000100000
0101011001100101
0111001000101110
0000000000110100
0010111000110000
0010111000110000
0000000000001010
0000000000101000
0110001001110101
0110100101101100
0110010000100000
0110010001100001
0111010001100101
0010000000111010
0010000000000000
0101010001101000
0111010100100000
0100010001100101
0110001100100000
0011000100110100
0010000000110001
0011100100111010
0011001000110111
0011101000110001
0011011000100000
0100101001010011
0101010000100000
0011001000110000
0011000100110111
0000000000101001
0000101000000000
0100001101101111
0111000001111001
0111001001101001
0110011101101000
0111010000101000
0110001100101001
0010000000110010
0011000000110000
0011100100101101
0011001000110000
0011000100110111
0010000001010100
0110111101101011
0111010101111001
0110000101101101
0110000100100000
0100001101101111
0110110001101100
0110010101100111
0110010100100000
0110111101100110
0010000001010100
0110010101100011
0110100001101110
0110111101101100
0110111101100111
0111100100001010
0000000001000001
0110110001101100
0010000001110010
0110100101100111
0110100001110100
0111001100100000
0111001001100101
0111001101100101
0111001001110110
0110010101100100
0010111000001010
0000101000000000
1100000011000000
0000110011001101
0000101100000010
1100000000000000
1010100000000000
1111110010110110
0001110111010010
0000101000000000
0000000000001010
1100000000000000
1010100000000000
1111110010001110
0001110111010010
1010100000000000
1111000000110010
1010000011110000
1111010010000000
1100010011000000
1101000000000000
1100000011000000
0000110011001101
0000101000000000
1111101010110000
1100000000000000
1010100000000000
1111010001100110
0001110111010010
1100010011000000
1101000000000000
1100000011000000
0000110011001101
0000101000000000
1111101010111110
1100000000000000
1010100000000000
1111010001100110
0001110111010010
1100010011000000
1101000000000000
1100000011000000
0000110011001101
0000101100000011
0001110100000001
0001101100000010
0000111100000000
1000010100001000
0000101100010010
0001101100010011
0011111100000001
1100010011000000
1101000000000000
1100000011000000
0000110011001101
1100000000110000
1100000001000000
0000100000000000
1111110101011000
1100000000000000
0000110100000000
1100000000000000
0000110100000000
1100000000000000
1010100000000000
1111101100110010
0001110111010110
0000101000110000
0000000110111110
0010101000110000
0000000111111110
1010000001010000
1111010101001010
0000110000000011
0001110100000100
0001100000000000
1111110101011000
0000111101000000
0010110101000110
1010000010000000
1111010100111110
0000110000000011
0001101000000000
0000000000001010
1100000000000000
0000100000000000
1111110101011000
1100000000000000
1010100000000000
1111010010110100
0001110111010100
0000100000010000
1111110101100010
0001011000000001
0000110000000011
0001101000000000
0000000000001000
1100000000000000
0000100000000000
1111110101011000
1100000000000000
1010100000000000
1111010010110100
0001110111010100
0000100000010000
1111110101100010
0100110100010001
0001011000000001
1010000011110000
1111010101010110
0000110000000011
0001101000000000
0000000000010000
0000110000110000
1010000011110000
1111010011101100
0000101000000000
1111101011001110
1100000000000000
1010100000000000
1111010001100110
0001110111010010
1100010001000000
1100010000110000
1100010011000000
1101000000000000
1100000011000000
0000110011001101
1100000000110000
0000100000000000
1111110101011000
1100000000000000
0000100000000000
1111110101100010
0100110100000001
0000111000000000
1100000000000000
0000100000000000
1111110101100010
0000111000000000
1100000000000000
1010100000000000
1111101100110010
0001110111010110
0000101000000000
0000000000001011
1100000000000000
0000100000000000
1111110101011000
1100000000000000
1010100000000000
1111010010110100
0001110111010100
0010101000000000
0000001000000000
1010000000000000
1111010110100000
1010100000000000
1111010010001100
0000100000000000
1111110101011000
0001101000000000
0000000000001101
0000111100000000
0001000000000000
1110110000001010
0000100000000000
1111110101100110
0000110100010000
0001011000010000
0000101000000000
0000000000001110
1100000000000000
0000100000000000
1111110101011000
1100000000000000
1010100000000000
1111010010110100
0001110111010100
0000100000010000
1111110101100110
0100110100010001
0001011000000001
0000100000000000
1111110101100010
1100000000000000
0000100000000000
1111110101100110
1100000000000000
1010100000000000
1111000001010010
0001110111010100
0000101000000000
0000000000010110
1100000000000000
0000100000000000
1111110101011000
1100000000000000
1010100000000000
1111010010110100
0001110111010100
0000110000110000
0010110100110000
1010000010000000
1111011000000000
1010100000000000
1111010010001100
0000100000000000
1111110101101000
0000110100010000
0001011000010000
0000100000000000
1111110101011000
0001101000000000
0000000000010000
0000100000010000
1111110101101000
0100110100010001
0000111100000000
0001011000000001
0000100000000000
1111110101100110
1100000000000000
1100000000110000
0000100000000000
1111110101101000
1100000000000000
1010100000000000
1111000010010110
0001110111010100
1100000000000000
1010100000000000
1111000001010010
0001110111010100
0000100000000000
1111110101101010
0000110100010000
0001011000010000
0000101000000000
0000000000010001
1100000000000000
0000100000000000
1111110101011000
1100000000000000
1010100000000000
1111010010110100
0001110111010100
1001010100000100
0000100000010000
1111110101101010
0100110100010001
0001011000000001
0000100000000000
1111110101101000
1100000000000000
0000100000000000
1111110101101010
1100000000000000
1010100000000000
1111000001010010
0001110111010100
1100010000110000
1100010011000000
1101000000000000
1100000011000000
0000110011001101
1100000000110000
1100000001000000
0000110100110000
0010101100110101
1010000001010000
1111011010101000
0000101100000011
0001110000000011
0001101100000010
0000101100010100
0001110000010011
0000111100000000
0010011100000001
0000110001000000
0010110101000000
1010000000000000
1111011010011110
0000110000000100
1010000011110000
1111011010101010
0000110000000011
0001110100000001
0000110000110000
1010000011110000
1111011001111100
0000110100000000
1100010001000000
1100010000110000
1100010011000000
1101000000000000
1100000011000000
0000110011001101
0000101100000011
0000111000000000
1100000000000000
0000101100000010
0000111000000000
1100000000000000
1010100000000000
1111000000111010
0001110111010100
0010110100000000
1010000001010000
1111011011010100
0000110100000001
1010000011110000
1111011100000100
0000101100000010
0000101100010011
0000111000000000
0010111000000001
1010000010000000
1111011100000010
0000101100000011
0100110100000001
0000111000000000
1100000000000000
0000101100000010
0100110100000001
0000111000000000
1100000000000000
1010100000000000
1111000000111010
0001110111010100
0010110100000000
1010000001010000
1111011100000010
0000110100000001
1010000011110000
1111011100000100
0000110100000000
1100010011000000
1101000000000000
1100000011000000
0000110011001101
1100000000110000
0000100000000000
1111110101101000
0000100000010000
1111110101011010
0000111000000000
0001011000000001
0000100000000000
1111110101101000
0100110100000001
0000100000010000
1111110101011010
0100110100010001
0000111000000000
0001011000000001
0000100000000000
1111110101101010
1100000000000000
0000100000000000
1111110101011010
1100000000000000
1010100000000000
1111011010110010
0001110111010100
0010110100000000
1010000000000000
1111100000111000
0000100000000000
1111110101011000
1100000000000000
0000100000000000
1111110101011010
0100110100000001
0000111000000000
1100000000000000
0000100000000000
1111110101011010
0000111000000000
1100000000000000
1010100000000000
1111101100110010
0001110111010110
0000110100110000
0010101000110000
0000001000000000
1010000001010000
1111100000100010
0000110000000011
0001101000000000
0000000000001011
0001100000000000
1111110101011000
0000111100000000
0011001000000000
0000000000011010
1010000010000000
1111100000010110
0000101000000000
0000000000001000
1100000000000000
0000101100000010
1100000000000000
1100000000110000
0000100000000000
1111110101011000
1100000000000000
1010100000000000
1111011001110010
0001101011010000
0000000000001000
0010110100000000
1010000010000000
1111100000010110
0000110100000011
1100000000000000
0000101100000011
1100000000000000
0000110000000011
0001101000000000
0000000000001000
1100000000000000
0000100000000000
1111110101011000
1100000000000000
1010100000000000
1111011001110010
0001101011010000
0000000000001000
0010110100000000
1010000010000000
1111100000010110
0000110000000011
0001101000000000
0000000000011010
1100000000000000
0000100000000000
1111110101011000
1100000000000000
1010100000000000
1111010010110100
0001110111010100
0001000000000000
1110110000011100
0000110000000011
0001101000000000
0000000000011110
1100000000000000
0000100000000000
1111110101011000
1100000000000000
1010100000000000
1111010010110100
0001110111010100
0000100000010000
1111110101101100
0001011000000001
0000110000000011
0001101000000000
0000000000011100
1100000000000000
0000100000000000
1111110101011000
1100000000000000
1010100000000000
1111010010110100
0001110111010100
0000100000010000
1111110101101100
0100110100010001
0001011000000001
0000110100000001
1010000011110000
1111100000111010
0000110000000011
0001101000000000
0000000000100000
0000110000110000
1010000011110000
1111011101100010
0000100000000000
1111110101100000
1100000000000000
0000100000000000
1111110101011010
1100000000000000
1010100000000000
1111000001010010
0001110111010100
1010000011110000
1111011100101010
0000110100000000
1100010000110000
1100010011000000
1101000000000000
1100000011000000
0000110011001101
1100000000110000
1100000001000000
0000100000000000
1110111000100010
0010110100000000
1010000010000000
1111100010001100
0000100000000000
1111110101110000
0000110100010000
0001011000010000
0000100000000000
1110110000011100
0001110100001110
0000100000010000
1111110101110000
0100110100010001
0001011000000001
0000100000000000
1110110000001010
1100000000000000
0000100000000000
1111110101110000
1100000000000000
1010100000000000
1111000010010110
0001110111010100
0000100000000000
1111110101101010
1100000000000000
0000100000000000
1111110101110000
1100000000000000
1010100000000000
1111000001010010
0001110111010100
0000100000000000
1111110101011000
1100000000000000
0000100000000000
1111110101110000
0100110100000001
0000111000000000
1100000000000000
0000100000000000
1111110101110000
0000111000000000
1100000000000000
1010100000000000
1111101100110010
0001110111010110
0000100000000000
1111110101100000
1100000000000000
0000100000000000
1111110101110000
1100000000000000
1010100000000000
1111000001010010
0001110111010100
0000100000000000
1110111000100010
0001110100000001
0001000000000000
1110111000100010
0000100000000000
1110111000100010
0010100000000000
1110110000001010
1010000001110000
1111100101000110
0000100000000000
1110110000011100
1001010100001000
0011001000000000
0000000011111111
0000110000110000
0010100000110000
1110111000100100
1010000000000000
1111100100101010
0000100000000000
1111110101011010
0000110100010000
0001011000010000
0000100000000000
1111110101011010
0100110100000001
0001011000110000
0000100000000000
1111110101100110
1100000000000000
0000100000000000
1111110101011010
1100000000000000
1010100000000000
1111000001010010
0001110111010100
0000100000000000
1111110101101110
1100000000000000
0000100000000000
1111110101011010
0100110100000001
0000111000000000
1100000000000000
0000100000000000
1111110101011010
0000111000000000
1100000000000000
1010100000000000
1111101100110010
0001110111010110
0001000000110000
1110111000100100
0000100000000000
1110110000011100
0011001000000000
0000000011111111
0000110001000000
0000100000000000
1111110101101110
0100110000000100
0000111000000000
0001000000000000
1110110000011100
0000110100000000
0001000000000000
1110111000100010
1100010001000000
1100010000110000
1100010011000000
1101000000000000
1100000011000000
0000110011001101
1100000000110000
1100000001000000
1100000001010000
0000100000110000
1111110101011000
0000110001000011
0000100000000000
1110111000100110
0010110100000000
1010000010000000
1111100101101100
1010100000000000
1111100001000000
0000110000000100
0100100000000000
1110111000100110
0000111001010000
0000100000000000
1110111000100110
0001110100000001
0001000000000000
1110111000100110
0000100000000000
1110111000100110
0010101000000000
0000000100000000
1010000001110000
1111100110010000
0000110100000000
0001000000000000
1110111000100110
0000110000000101
1100010001010000
1100010001000000
1100010000110000
1100010011000000
1101000000000000
1100000011000000
0000110011001101
1100000000110000
1100000001000000
1100000001010000
0000100000000000
1111110101101100
0000111000000000
0010110100000000
1010000010000000
1111100111010000
0000110100000110
1100000000000000
0000100000000000
1111110101101100
0100110100000001
0000111000000000
1100000000000000
1010100000000000
1111000000111010
0001110111010100
0010110100000000
1010000001010000
1111100111010000
1010100000000000
1111010010100000
1010100000000000
1111100101001110
1100000000000000
1010100000000000
1111000000100010
0001110111010010
0000110000110000
1010100000000000
1111100101001110
0000110001000000
0000100000000000
1111110101101100
0000111000000000
0010110100000000
1010000010000000
1111101000000000
0000100000000000
1111110101101100
0100110100000001
0000110000010100
0001110100010100
0010111000010000
1010000000000000
1111101000000100
1010100000000000
1111010010100000
0000110000000100
0001110100000001
1001010100000001
0000110001000000
0000110101010000
1100000001000000
1100000001010000
1010100000000000
1111000000111010
0001110111010100
0010110100000000
1010000001010000
1111101000110010
1010100000000000
1111100101001110
0000110000010011
0100110000010101
0001011000000001
0000110000000101
0001110100000001
0000110001010000
1010000011110000
1111101000001110
1100000000110000
1010100000000000
1111000000100010
0001110111010010
1100010001010000
1100010001000000
1100010000110000
1100010011000000
1101000000000000
1100000011000000
0000110011001101
1010100000000000
1111101100000100
1010100000000000
1111010011001100
1010100000000000
1111010101011110
0000100000000000
1111110101110000
0000110100010000
0001011000010000
0000100000000000
1111110101110000
0100110100000001
0000110100010000
0001011000010000
0000110100000000
0001000000000000
1110111000100010
0000110100001111
0001000000000000
1110111000100100
0000110100000000
0001000000000000
1110111000100110
1100010011000000
1101000000000000
1100000011000000
0000110011001101
1100000000110000
0000101100000011
1100000000000000
0000101100000010
1100000000000000
1010100000000000
1111011100001000
0001110111010100
0100010100000001
1010000000000000
1111101010100010
0000101000000000
1111101011110010
1100000000000000
1010100000000000
1111010001100110
0001110111010010
1010100000000000
1111100110011100
0000110000110000
0000110000000011
1100010000110000
1100010011000000
1101000000000000
0110111001101111
0111010000100000
0111001101110101
0111000001110000
0110111101110010
0111010001100101
0110010000000000
0110001001100001
0110010000100000
0110101101100101
0111001001101110
0110010101101100
0010000001100110
0110100101101100
0110010100000000
0110001101100001
0110111000100111
0111010000100000
0110011001101001
0110111001100100
0010000001100001
0110001101110100
0110100101110110
0110010100100000
0100011001000001
0101010000110001
0011011000100000
0111000001100001
0111001001110100
0110100101110100
0110100101101111
0110111000100001
0000101000000000
0110101101100101
0111001001101110
0110010101101100
0010000001101110
0110111101110100
0010000001100110
0110111101110101
0110111001100100
0000101000000000
1100000011000000
0000110011001101
0000110100000100
1100000000000000
0000101000000000
0000000000010000
1100000000000000
1010100000000000
1111000000010110
0001110111010100
0000101000000000
0000000000010000
1100000000000000
1010100000000000
1111000000001110
0001110111010010
0010110100000000
1010000010000000
1111101100101110
1010000011110000
1111101100011000
1100010011000000
1101000000000000
1100000011000000
0000110011001101
0000101100000100
1100000000000000
1010100000000000
1111000000100010
0001110111010010
1100000000000000
0000101000000000
0000000000010010
1100000000000000
1010100000000000
1111000000010110
0001110111010100
0000101100000010
1100000000000000
0000101000000000
0000000000010100
1100000000000000
1010100000000000
1111000000010110
0001110111010100
0000101100000011
1100000000000000
0000101000000000
0000000000010110
1100000000000000
1010100000000000
1111000000010110
0001110111010100
0000110100000010
1100000000000000
0000101000000000
0000000000010000
1100000000000000
1010100000000000
1111000000010110
0001110111010100
0000101000000000
0000000000010000
1100000000000000
1010100000000000
1111000000001110
0001110111010010
0010110100000000
1010000010000000
1111101110010100
1010000011110000
1111101101111110
1100010011000000
1101000000000000
1100000011000000
0000110011001101
0000101100000100
1100000000000000
1010100000000000
1111000000100010
0001110111010010
1100000000000000
0000101000000000
0000000000010010
1100000000000000
1010100000000000
1111000000010110
0001110111010100
0000101100000010
1100000000000000
0000101000000000
0000000000010100
1100000000000000
1010100000000000
1111000000010110
0001110111010100
0000101100000011
1100000000000000
0000101000000000
0000000000010110
1100000000000000
1010100000000000
1111000000010110
0001110111010100
0000110100000001
1100000000000000
0000101000000000
0000000000010000
1100000000000000
1010100000000000
1111000000010110
0001110111010100
0000101000000000
0000000000010000
1100000000000000
1010100000000000
1111000000001110
0001110111010010
0010110100000000
1010000010000000
1111101111111010
1010000011110000
1111101111100100
1100010011000000
1101000000000000
1100000011000000
0000110011001101
0000101000000000
0000000000001010
1100000000000000
1010100000000000
1111000000001110
0001110111010010
0011001000000000
0000000010000000
1010000010000000
1111110000011010
1010000011110000
1111110000000010
0000101100000010
1100000000000000
0000101000000000
0000000000001000
1100000000000000
1010100000000000
1111000000010110
0001110111010100
1100010011000000
1101000000000000
1100000011000000
0000110011001101
0000101000000000
0000000000001110
1100000000000000
1010100000000000
1111000000001110
0001110111010010
0011001000000000
0000000010000000
1010000010000000
1111110001001010
1010000011110000
1111110000110010
0000101100000010
1100000000000000
0000101000000000
0000000000001100
1100000000000000
1010100000000000
1111000000010110
0001110111010100
1100010011000000
1101000000000000
1100000011000000
0000110011001101
0000101000000000
0000000000101010
1100000000000000
1010100000000000
1111000000001110
0001110111010010
0011001000000000
0000000010000000
1010000010000000
1111110001111010
1010000011110000
1111110001100010
0000101100000010
1100000000000000
0000101000000000
0000000000101000
1100000000000000
1010100000000000
1111000000010110
0001110111010100
1100010011000000
1101000000000000
1100000011000000
0000110011001101
0000101100000010
0010101000000000
0000000000001010
1010000010000000
1111110010101000
0000101000000000
0000000000001101
1100000000000000
1010100000000000
1111101111111110
0001110111010010
0000101100000010
1100000000000000
1010100000000000
1111101111111110
0001110111010010
1100010011000000
1101000000000000
1100000011000000
0000110011001101
1100000000110000
0000110100110000
0000101100000010
0001110000000011
0000111100000000
0010110100000000
1010000000000000
1111110011100010
0000101100000010
0001110000000011
0000111100000000
1100000000000000
1010100000000000
1111110010001110
0001110111010010
0000110000000011
0001110100000001
0000110000110000
1010000011110000
1111110010111110
1100010000110000
1100010011000000
1101000000000000
1100000011000000
0000110011001101
0000101100000010
1001010100001100
0011001000000000
0000000000001111
0001100000000000
1111110101110010
0000111100000000
1100000000000000
1010100000000000
1111110010001110
0001110111010010
0000101100000010
1001010100001000
0011001000000000
0000000000001111
0001100000000000
1111110101110010
0000111100000000
1100000000000000
1010100000000000
1111110010001110
0001110111010010
0000101100000010
1001010100000100
0011001000000000
0000000000001111
0001100000000000
1111110101110010
0000111100000000
1100000000000000
1010100000000000
1111110010001110
0001110111010010
0000101100000010
0011001000000000
0000000000001111
0001100000000000
1111110101110010
0000111100000000
1100000000000000
1010100000000000
1111110010001110
0001110111010010
1100010011000000
1101000000000000
0011000000110001
0011001000110011
0011010000110101
0011011000110111
0011100000111001
0110000101100010
0110001101100100
0110010101100110
0000000000000000
1110101000000000
1110110000000000
0000000000000000
0000000000000001
1111110101011100
1110110000000100
1110110000001000
1110110000001100
1110110000010000
1110110000010100
1110110000011000
1110110000011110
1110111000011110
1111110101000110
0000000000000000
0000000000000000
0000000000000000
0000000000000000
0000000000000000
0000000000000000
0000000000000000
0000000000000000
0000000000000000
0000000000000000
0000000000000000
0000000000000000
0000000000000000
0000000000000000
0000000000000000
0000000000000000
0000000000000000
0000000000000000
0000000000000000
0000000000000000
0000000000000000
0000000000000000
0000000000000000
0000000000000000
0000000000000000
0000000000000000
0000000000000000
0000000000000000
0000000000000000
0000000000000000
0000000000000000
0000000000000000
0000000000000000
0000000000000000
0000000000000000
0000000000000000
0000000000000000
0000000000000000
0000000000000000
0000000000000000
0000000000000000
0000000000000000
0000000000000000
0000000000000000
0000000000000000
0000000000000000
0000000000000000
0000000000000000
0000000000000000
0000000000000000
0000000000000000
0000000000000000
0000000000000000
0000000000000000
0000000000000000
0000000000000000
0000000000000000
0000000000000000
0000000000000000
0000000000000000
0000000000000000
0000000000000000
0000000000000000
0000000000000000
0000000000000000
0000000000000000
0000000000000000
0000000000000000
0000000000000000
0000000000000000
0000000000000000
0000000000000000
0000000000000000
0000000000000000
0000000000000000
0000000000000000
0000000000000000
0000000000000000
0000000000000000
0000000000000000
0000000000000000
0000000000000000
0000000000000000
0000000000000000
0000000000000000
0000000000000000
0000000000000000
0000000000000000
0000000000000000
0000000000000000
0000000000000000
0000000000000000
0000000000000000
0000000000000000
0000000000000000
0000000000000000
0000000000000000
0000000000000000
0000000000000000
0000000000000000
0000000000000000
0000000000000000
0000000000000000
0000000000000000
0000000000000000
0000000000000000
0000000000000000
0000000000000000
0000000000000000
0000000000000000
0000000000000000
0000000000000000
0000000000000000
0000000000000000
0000000000000000
0000000000000000
0000000000000000
0000000000000000
0000000000000000
0000000000000000
0000000000000000
0000000000000000
0000000000000000
0000000000000000
0000000000000000
0000000000000000
0000000000000000
0000000000000000
0000000000000000
0000000000000000
0000000000000000
0000000000000000
0000000000000000
0000000000000000
0000000000000000
0000000000000000
0000000000000000
0000000000000000
0000000000000000
0000000000000000
0000000000000000
0000000000000000
0000000000000000
0000000000000000
0000000000000000
0000000000000000
0000000000000000
0000000000000000
0000000000000000
0000000000000000
0000000000000000
0000000000000000
0000000000000000
0000000000000000
0000000000000000
0000000000000000
0000000000000000
0000000000000000
0000000000000000
0000000000000000
0000000000000000
0000000000000000
0000000000000000
0000000000000000
0000000000000000
0000000000000000
0000000000000000
0000000000000000
0000000000000000
0000000000000000
0000000000000000
0000000000000000
0000000000000000
0000000000000000
0000000000000000
0000000000000000
0000000000000000
0000000000000000
0000000000000000
0000000000000000
0000000000000000
0000000000000000
0000000000000000
0000000000000000
0000000000000000
0000000000000000
0000000000000000
0000000000000000
0000000000000000
0000000000000000
0000000000000000
0000000000000000
0000000000000000
0000000000000000
0000000000000000
0000000000000000
0000000000000000
0000000000000000
0000000000000000
0000000000000000
0000000000000000
0000000000000000
0000000000000000
0000000000000000
0000000000000000
0000000000000000
0000000000000000
0000000000000000
0000000000000000
0000000000000000
0000000000000000
0000000000000000
0000000000000000
0000000000000000
0000000000000000
0000000000000000
0000000000000000
0000000000000000
0000000000000000
0000000000000000
0000000000000000
0000000000000000
0000000000000000
0000000000000000
0000000000000000
0000000000000000
0000000000000000
0000000000000000
0000000000000000
0000000000000000
0000000000000000
0000000000000000
0000000000000000
0000000000000000
0000000000000000
0000000000000000
0000000000000000
0000000000000000
0000000000000000
0000000000000000
0000000000000000
0000000000000000
0000000000000000
0000000000000000
0000000000000000
0000000000000000
0000000000000000
0000000000000000
0000000000000000
0000000000000000
0000000000000000
0000000000000000
0000000000000000
0000000000000000
0000000000000000
0000000000000000
0000000000000000
0000000000000000
0000000000000000
0000000000000000
0000000000000000
0000000000000000
0000000000000000
0000000000000000
0000000000000000
0000000000000000
0000000000000000
0000000000000000
0000000000000000
0000000000000000
0000000000000000
0000000000000000
0000000000000000
0000000000000000
0000000000000000
0000000000000000
0000000000000000
0000000000000000
0000000000000000
0000000000000000
0000000000000000
0000000000000000
0000000000000000
0000000000000000
0000000000000000
0000000000000000
0000000000000000
0000000000000000
0000000000000000
0000000000000000
0000000000000000
0000000000000000
0000000000000000
0000000000000000
0000000000000000
0000000000000000
0000000000000000
0000000000000000
0000000000000000
0000000000000000
0000000000000000
0000000000000000
0000000000000000
0000000000000000
0000000000000000
0000000000000000
0000000000000000
0000000000000000
0000000000000000
0000000000000000
0000000000000000
0000000000000000
0000000000000000
0000000000000000
0000000000000000
0000000000000000
0000000000000000
0000000000000000
0000000000000000
0000000000000000
0000000000000000
0000000000000000
0000000000000000
0000000000000000
0000000000000000
0000000000000000
