00010100001000000000001100000011
10000101101001000001000000000000
00000000000000000000001000000000
00010100000100000000010000000000
00000000001000000000001100000110
00000000000000000000000100000000
10010000101011000000100000000000
00000000000000000011000000000000
00100000001000000100000000000000
00000000000010000001000000000000
00100001100000000000000100000000
00000000000000110000000100000000
10000101100010000001000100010001
10000101100010000001011100001111
00111100001000000000000100010000
00100000001000000000000000000000
00000000000010000001000000000000
00100010100000000000000100000000
10000101100010000001011100010100
00111100001000000000000100010101
00100000001000000000000000000000
00011000000100000000000000000000
00000000000000000011000100000000
10000101100010000001000100011100
10000101100010000001011100011010
00111100001000000000000100011011
00100000001000000000000000000000
00000000000010000001000000000000
00111010110000000000000100000000
10000101100010000001000100100010
10000101100010000001011100100000
00111100001000000000000100100001
00100000001000000000000000000000
00000000000010000001000000000000
01001010110000000000000100000000
10000101100010000001000100101000
10000101100010000001011100100110
00111100001000000000000100100111
00100000001000000000000000000000
00000000000010000001000000000000
01001000010000000000000100000000
10000101100010000001000100101110
10000101100010000001011100101100
00111100001000000000000100101101
00100000001000000000000000000000
00000000000010000001000000000000
01011010110000000000000100000000
10000101100010000001000100110100
10000101100010000001011100110010
00111100001000000000000100110011
00100000001000000000000000000000
00000000000010000001000000000000
01101010110000000000000100000000
10000101100010000001000100111010
10000101100010000001011100111000
00111100001000000000000100111001
00100000001000000000000000000000
00000000000010000001000000000000
01111010110000000000000100000000
11011010110000000000000100000000
10000101100010000001011000000000
00100001100000000000011100000000
00111101100000000000000100000000
10000100000110000001000000000000
10010000101000000000000000000000
00100001100000000011011100000000
00111101100000000000000100000000
10000101100010000001010100000000
00100001100000000000011100000000
00111101100000000000000100000000
10000101100010000001000000000000
00100000001000000000011101001011
00011000000100000010000000000000
00000000000000000010100000000000
00000000000000000010000100000000
00000000000000000000100000000000
00000000000010000000000000000000
00100010100000000000000100000000
00011000000100000000000000000000
10010000101000000000000000000000
00000000000000000011000100000000
10110000000100000000000000000000
10010000101000000000000000000000
00000000000000000011000100000000
00010000001000000000000000000000
10000000100010000001000000000000
00100010100000000000000100000000
00010000001000000000000000000000
10000000100010000001000000000000
11000000010000000000000100000000
00000000000000001000000100000000
00000000000000000100000100000000
00010000001000000000000000000000
10000000100010000001000000000000
00100001100000000000000100000000
00010000001000001000000000000000
10000000100010000001000000000000
00100001100000000000000100000000
00000000000000100000000100000000
00000000000000000000000000000000
00000000000000000000000000000000
00000000000000000000000000000000
00000000000000000000000000000000
00000000000000000000000000000000
00000000000000000000000000000000
00000000000000000000000000000000
00000000000000000000000000000000
00000000000000000000000000000000
00000000000000000000000000000000
00000000000000000000000000000000
00000000000000000000000000000000
00000000000000000000000000000000
00000000000000000000000000000000
00000000000000000000000000000000
00000000000000000000000000000000
00000000000000000000000000000000
00000000000000000000000000000000
00000000000000000000000000000000
00000000000000000000000000000000
00000000000000000000000000000000
00000000000000000000000000000000
00000000000000000000000000000000
00000000000000000000000000000000
00000000000000000000000000000000
00000000000000000000000000000000
00000000000000000000000000000000
00000000000000000000000000000000
00000000000000000000000000000000
