00000000
00001011
00001011
00001011
00001011
00001011
00001011
00001011
00001011
00001011
00001011
00001011
00001011
00001011
00001011
00001011
00001101
00001101
00001101
00001100
00001101
00001101
00001101
00001100
00001101
00001101
00001101
00001100
00001101
00001101
00001101
00001100
00010010
00010010
00010010
00001011
00010010
00010010
00010010
00001011
00010010
00010010
00010010
00001011
00010010
00010010
00010010
00001011
00011000
00011000
00011000
00010111
00011000
00011000
00011000
00010111
00011000
00011000
00011000
00010111
00011000
00011000
00011000
00010111
00011110
00011110
00011110
00011101
00011110
00011110
00011110
00011101
00011110
00011110
00011110
00011101
00011110
00011110
00011110
00011101
00100100
00100100
00100100
00100011
00100100
00100100
00100100
00100011
00100100
00100100
00100100
00100011
00100100
00100100
00100100
00100011
00101010
00101010
00101010
00101001
00101010
00101010
00101010
00101001
00101010
00101010
00101010
00101001
00101010
00101010
00101010
00101001
00110000
00110000
00110000
00101111
00110000
00110000
00110000
00101111
00110000
00110000
00110000
00101111
00110000
00110000
00110000
00101111
00110110
00110110
00110110
00110101
00110110
00110110
00110110
00110101
00110110
00110110
00110110
00110101
00110110
00110110
00110110
00110101
00111011
00111011
00111011
00111011
00111011
00111011
00111011
00111011
00111011
00111011
00111011
00111011
00111011
00111011
00111011
00111011
00111100
00111100
00111100
00001011
00111100
00111100
00111100
00001011
00111100
00111100
00111100
00001011
00111100
00111100
00111100
00001011
00111111
00111111
00111111
00001011
01000011
01000011
01000011
00001011
01000011
01000011
01000011
00001011
01000011
01000011
01000011
00001011
01000110
00001011
00001011
01000110
01000110
00001011
00001011
01000110
01000110
00001011
00001011
01000110
01000110
00001011
00001011
01000110
01001110
00001011
01010100
00001011
01001110
00001011
01010100
00001011
01001110
00001011
01010100
00001011
01001110
01010001
01010100
01010111
01011010
00001011
00001011
01011011
00001011
00001011
00001011
00001011
00001011
00001011
00001011
00001011
01011100
00111111
00111111
01011111
00001011
00001011
00001011
00001011
00001011
00001011
00001011
00001011
00001011
00001011
00001011
00001011
00001011
00001011
00001011
01100010
